0 0 0 431 413 660 23 242 119 979 412 613 687 538 0 533 0 0 117 958 0 856 380 0 493 915 330 421 320 958 32 767 0 55 940 336 522 0 430 468 317 0 732 289 0 412 541 958 915 841 385 865 0 0 853 864 408 89 251 0 858 619 87 539 0 593 129 212 0 2 731 732 559 687 90 425 549 348 492 378 217 731 433 0 615 80 356 0 840 0 593 0 342 458 348 0 643 0 357 438 806 0 762 145 0 292 578 799 98 0 0 0 0 0 0 113 791 0 843 80 555 491 717 804 507 709 355 373 0 985 79 766 385 0 0 660 2 0 0 787 719 0 100 522 391 313 65 765 917 607 614 360 914 762 93 312 0 202 889 0 261 
0 0 421 884 269 397 827 951 806 901 75 327 838 523 832 664 0 281 127 0 0 937 120 196 421 528 0 935 0 0 195 888 894 264 0 319 273 345 0 243 0 0 0 251 338 675 157 501 371 142 340 428 442 0 924 860 0 0 630 0 923 609 633 0 0 155 226 181 370 51 761 292 0 913 576 595 998 108 0 0 270 326 898 151 827 674 841 794 0 0 47 350 874 237 343 250 38 0 0 812 882 951 0 66 452 0 0 197 305 527 0 945 0 671 484 285 7 601 678 769 848 776 68 0 0 587 263 0 0 945 0 31 530 757 766 0 421 759 180 543 171 637 348 0 850 86 140 827 0 12 15 0 573 773 0 0 943 0 580 481 254 
0 421 0 678 597 767 875 837 633 13 704 698 0 0 359 0 0 35 0 934 0 0 550 18 0 0 0 739 572 249 588 0 58 220 36 14 0 88 12 896 579 333 0 645 744 829 0 330 961 0 0 511 0 872 291 481 210 291 166 898 0 0 558 257 0 793 223 266 993 973 0 36 0 901 938 281 845 0 400 322 582 761 174 337 0 38 302 571 436 442 515 925 494 0 497 0 344 510 191 566 558 891 0 241 718 622 0 0 725 182 299 647 360 16 799 693 829 776 520 84 307 76 206 0 561 0 0 123 603 208 335 93 286 311 842 405 918 497 399 0 225 0 0 0 622 873 0 359 941 522 98 630 93 530 0 867 0 121 0 417 5 
431 884 678 0 104 761 497 0 0 370 221 273 697 235 399 0 0 541 0 949 0 0 707 487 0 0 3 794 125 335 148 0 37 840 804 714 646 622 0 167 768 709 865 0 390 0 159 6 558 680 477 511 890 0 0 442 281 891 396 262 808 0 0 394 0 46 56 375 281 704 929 203 852 0 661 0 0 874 88 0 0 173 43 0 183 688 4 207 554 129 0 171 269 84 988 712 514 0 391 191 919 802 86 0 0 0 0 173 24 966 0 0 0 0 945 0 0 619 0 0 879 638 1 0 0 651 0 201 605 254 191 834 0 0 0 558 479 0 940 0 462 0 0 0 384 684 937 518 142 49 544 435 697 48 238 692 0 0 527 703 106 
413 269 597 104 0 976 86 105 138 149 77 431 989 762 450 837 0 727 0 30 45 729 128 205 276 504 150 119 830 359 91 109 0 85 280 20 136 192 630 139 813 0 0 383 488 887 211 0 535 273 607 99 213 886 744 648 0 257 456 0 0 439 0 187 0 454 883 0 781 644 501 316 0 110 871 313 52 251 0 208 864 0 35 968 0 112 341 614 0 0 909 0 735 0 981 867 0 0 0 914 877 919 286 0 136 465 591 296 308 547 676 0 494 72 351 274 0 50 376 426 0 817 890 366 706 601 355 651 260 945 496 0 265 245 493 121 295 0 836 685 312 0 0 0 84 0 189 0 443 0 81 0 204 657 0 286 457 533 831 519 213 
660 397 767 761 976 0 842 613 581 997 412 0 943 883 0 899 0 563 716 171 43 766 634 129 411 356 75 567 894 289 509 0 757 49 824 111 26 497 0 705 499 486 0 148 876 908 639 698 997 809 0 167 204 216 0 34 771 0 0 0 209 0 0 556 939 539 0 83 539 0 0 596 0 77 796 362 332 269 788 0 825 423 422 0 720 445 0 0 133 0 539 271 211 929 521 0 868 0 763 205 819 316 604 0 588 282 0 0 662 0 247 424 0 677 0 63 967 221 0 104 889 56 0 812 412 511 408 0 75 0 462 0 835 177 571 0 0 672 859 778 141 163 64 315 152 0 407 623 219 743 0 0 316 894 333 0 974 841 0 556 637 
23 827 875 497 86 842 0 679 41 822 215 567 487 742 505 870 238 46 197 0 0 865 49 115 538 0 70 457 99 0 0 0 569 462 267 380 667 607 283 664 321 932 678 0 0 833 804 978 753 0 146 258 637 890 720 0 871 0 681 0 952 511 186 164 0 0 701 69 202 0 907 525 0 0 948 224 0 829 204 961 0 262 933 0 369 914 256 258 0 649 806 71 298 0 221 0 0 0 0 100 0 163 820 513 26 0 836 306 808 749 0 353 11 997 98 0 610 688 288 594 495 445 0 33 147 0 85 283 644 0 888 0 0 384 0 159 63 683 499 318 534 665 127 486 738 361 585 427 0 349 280 206 90 579 443 0 171 379 113 529 0 
242 951 837 0 105 613 679 0 933 166 705 696 981 178 0 0 537 229 0 483 403 612 0 34 163 618 803 424 559 105 991 0 774 772 504 130 0 739 200 675 858 405 141 0 0 619 303 656 905 0 963 424 766 0 387 597 517 810 596 682 289 424 71 316 848 511 172 0 0 459 342 669 0 734 188 505 788 758 29 0 3 772 958 0 369 464 802 834 639 270 101 192 0 784 38 967 454 0 0 0 240 0 476 0 711 0 0 13 188 129 0 0 533 809 844 50 227 0 295 586 690 578 683 679 845 306 245 3 846 102 327 0 0 296 291 27 0 0 887 981 0 755 862 0 0 284 818 70 485 31 817 931 994 281 522 683 669 57 454 931 0 
119 806 633 0 138 581 41 933 0 624 0 546 109 838 0 197 914 758 285 238 450 0 0 404 831 0 541 266 0 879 44 0 324 921 384 512 945 281 344 359 995 147 758 517 0 6 0 752 699 0 58 303 709 737 0 0 0 40 543 185 185 280 976 744 0 877 431 903 0 518 651 416 0 222 684 714 0 163 376 0 841 401 365 954 258 988 167 245 201 971 86 650 268 206 580 474 0 0 0 228 447 307 25 418 696 0 267 268 822 790 700 0 783 0 755 760 0 0 823 167 901 275 891 741 523 706 898 995 243 918 111 0 0 412 910 59 0 0 706 0 813 327 0 967 293 548 525 190 754 0 903 6 691 906 437 196 986 0 269 220 778 
979 901 13 370 149 997 822 166 624 0 0 198 0 41 0 449 0 0 643 500 0 0 0 0 119 982 110 40 824 747 661 0 584 361 404 319 423 453 0 759 594 0 608 822 489 820 672 340 41 0 0 559 0 0 848 910 0 433 134 227 685 239 726 626 666 516 761 366 548 685 791 466 651 806 407 571 0 171 967 440 0 870 218 0 326 406 913 732 312 688 984 710 199 0 17 714 885 17 376 241 423 474 908 0 971 113 731 273 902 0 651 48 0 451 574 574 851 300 329 0 422 788 222 387 3 884 0 603 134 833 638 175 201 673 102 0 833 361 0 854 536 566 305 4 546 590 552 899 0 0 550 998 880 0 777 185 987 0 0 18 596 
412 75 704 221 77 412 215 705 0 0 0 193 0 619 0 976 276 505 0 18 308 0 760 169 466 807 0 895 827 924 64 853 978 957 695 724 622 198 401 359 817 140 0 631 0 210 0 464 691 290 739 191 503 767 0 0 329 341 462 358 0 655 923 0 0 755 358 354 803 67 957 594 49 912 271 798 689 449 0 0 682 0 0 283 0 396 0 835 472 241 88 821 114 0 0 642 867 733 917 220 0 91 105 584 728 921 0 0 967 0 429 589 92 508 82 435 0 0 118 428 918 371 791 254 0 0 293 404 0 212 351 644 70 248 124 646 75 471 0 0 891 803 0 174 223 183 841 2 0 511 113 705 0 737 259 646 277 784 341 46 0 
613 327 698 273 431 0 567 696 546 198 193 0 491 57 532 722 626 824 814 212 568 0 736 0 0 460 303 0 545 0 646 486 0 333 142 313 0 0 806 804 122 332 750 901 720 0 242 816 0 0 172 712 969 196 283 693 114 314 222 600 169 685 93 124 0 57 415 427 0 230 175 502 149 684 334 513 169 0 727 881 311 234 764 0 180 0 898 0 255 222 979 0 855 494 203 853 0 650 0 0 656 0 510 627 271 11 0 260 391 643 0 0 29 379 18 392 226 784 823 76 564 142 23 207 973 62 536 0 926 491 494 135 934 325 850 716 611 269 528 36 612 0 801 929 634 372 556 631 418 0 70 0 92 737 757 0 0 430 870 364 14 
687 838 0 697 989 943 487 981 109 0 0 491 0 167 340 72 211 389 765 167 993 482 0 0 0 47 269 78 775 252 641 238 212 825 868 984 947 473 81 0 737 779 315 865 0 0 639 520 182 132 735 81 447 727 200 639 733 608 413 962 0 811 0 290 620 978 0 984 328 157 252 504 325 818 0 0 802 818 0 644 463 382 0 348 784 25 727 161 998 453 76 424 648 729 0 913 47 121 656 12 822 0 12 369 0 0 764 971 48 0 0 714 266 494 263 364 450 768 613 742 240 320 363 662 0 747 95 982 805 304 374 0 665 858 47 100 19 26 20 100 867 630 0 0 166 970 70 652 0 574 145 197 663 206 411 247 752 68 188 0 281 
538 523 0 235 762 883 742 178 838 41 619 57 167 0 256 34 0 0 243 0 896 144 0 742 858 0 0 0 0 0 395 295 26 0 130 469 753 0 833 537 896 0 212 481 432 463 163 0 871 793 454 12 852 0 177 665 0 420 379 827 299 205 247 249 843 177 0 995 646 568 967 366 973 0 0 920 996 269 0 0 0 996 314 0 77 53 31 430 0 710 0 208 471 181 396 378 955 84 0 0 597 967 638 281 71 717 156 0 0 973 166 496 150 0 637 422 350 531 765 743 0 783 958 908 543 578 625 793 55 0 648 867 0 124 661 538 640 28 489 120 717 0 2 483 596 421 457 0 153 624 23 0 787 282 420 308 193 917 338 316 604 
0 832 359 399 450 0 505 0 0 0 0 532 340 256 0 844 780 0 601 64 675 909 331 153 0 0 983 744 224 115 0 0 195 560 569 136 0 466 211 957 483 98 58 273 783 0 857 737 558 78 0 955 0 0 680 368 698 704 38 0 765 552 613 109 59 590 482 748 851 65 494 0 0 930 684 269 0 423 921 0 729 932 0 0 825 186 328 0 0 700 0 0 910 309 117 688 864 450 713 0 123 656 655 753 629 683 0 44 674 0 988 682 0 0 0 0 606 990 882 861 49 90 172 570 427 0 266 635 745 0 577 823 176 302 0 0 721 870 429 24 0 514 899 444 291 787 684 823 789 717 0 166 0 901 643 573 576 935 195 554 819 
533 664 0 0 837 899 870 0 197 449 976 722 72 34 844 0 35 0 443 263 756 816 663 261 0 505 0 930 268 0 792 503 0 835 0 742 0 159 0 0 768 0 0 0 348 13 98 592 683 760 476 0 440 808 708 962 940 361 529 482 725 932 437 686 132 255 913 0 255 694 614 49 829 397 498 969 0 600 146 0 795 150 547 0 767 106 721 651 32 223 0 613 179 229 181 551 706 418 49 0 934 862 615 149 703 0 974 755 693 0 0 926 222 411 0 79 85 923 636 0 0 977 849 5 0 422 628 643 664 838 537 157 253 94 901 0 212 718 461 887 444 770 41 320 983 340 665 515 194 0 998 370 0 756 449 56 0 0 290 43 843 
0 0 0 0 0 0 238 537 914 0 276 626 211 0 780 35 0 287 974 190 729 579 0 97 689 87 0 96 514 765 0 0 525 704 0 0 719 933 802 199 216 710 309 87 0 0 0 679 927 204 626 0 17 0 0 279 839 343 0 358 861 804 400 11 835 322 985 836 697 0 185 342 924 0 625 236 938 0 677 477 468 175 648 847 0 80 0 961 521 301 434 353 0 47 0 0 26 0 451 683 0 580 184 279 476 521 106 223 748 0 0 340 238 638 0 0 0 928 396 133 681 23 445 0 0 682 320 0 0 0 0 417 467 0 984 100 372 997 446 829 747 0 614 42 0 60 863 0 917 285 4 727 0 652 625 0 122 370 989 938 2 
0 281 35 541 727 563 46 229 758 0 505 824 389 0 0 0 287 0 467 183 970 0 62 0 661 600 119 0 363 0 434 301 147 238 512 246 966 0 807 0 111 113 899 906 0 156 462 435 35 490 0 305 0 0 835 0 946 985 0 370 0 640 939 113 0 663 0 453 0 948 0 0 857 661 0 893 807 84 0 900 0 329 792 426 228 23 349 345 175 930 481 485 452 774 312 979 311 849 693 850 711 593 988 322 0 938 841 0 377 0 173 430 0 919 341 869 959 0 558 0 132 943 70 0 776 353 713 0 955 0 0 400 551 925 339 44 832 512 52 405 443 470 459 111 111 0 494 922 883 514 437 4 834 0 73 0 594 0 440 476 446 
117 127 0 0 0 716 197 0 285 643 0 814 765 243 601 443 974 467 0 361 0 0 707 680 653 853 783 427 730 903 0 93 909 542 217 367 493 800 123 528 391 0 992 909 550 0 460 236 908 377 627 0 0 389 197 0 557 0 866 552 277 3 0 781 535 956 324 445 179 0 247 557 0 869 0 296 325 233 420 160 26 801 0 898 694 361 368 98 66 0 86 16 117 965 0 217 576 950 0 0 454 226 631 117 873 426 813 221 0 293 40 164 795 928 511 648 264 871 976 321 681 0 871 0 800 852 286 0 0 0 660 369 714 288 0 933 0 376 302 152 712 0 161 88 344 0 939 693 144 0 0 131 893 187 498 302 0 78 0 0 232 
958 0 934 949 30 171 0 483 238 500 18 212 167 0 64 263 190 183 361 0 0 476 7 0 716 913 793 478 0 0 0 484 952 721 0 645 193 0 0 125 916 5 192 415 968 90 0 398 0 811 300 896 977 944 257 978 451 560 0 0 0 485 643 93 980 0 645 215 0 908 289 868 80 109 680 821 0 933 0 603 741 946 573 0 348 0 958 735 459 438 805 0 205 84 0 489 0 843 226 797 0 284 0 0 0 0 684 300 203 0 134 949 896 724 175 408 0 0 170 536 0 130 158 160 566 275 122 665 601 613 376 944 979 921 0 246 0 898 250 166 803 0 677 0 402 835 743 68 0 884 0 562 701 0 0 979 578 0 0 441 511 
0 0 0 0 45 43 0 403 450 0 308 568 993 896 675 756 729 970 0 0 0 0 159 0 801 937 331 0 0 0 0 52 125 501 769 377 319 594 283 879 722 0 899 839 616 191 567 358 0 409 751 416 852 847 0 165 419 897 686 0 0 446 449 591 916 0 818 697 140 977 438 180 37 0 0 0 246 0 55 680 864 407 917 967 192 301 0 987 335 827 293 471 104 0 75 316 358 932 0 909 486 873 156 804 848 159 31 0 0 0 0 211 0 489 736 0 477 380 0 868 283 0 696 932 613 268 341 618 914 271 568 248 63 0 923 204 702 0 843 186 810 532 539 612 681 470 82 25 942 0 498 84 378 750 165 388 710 55 0 783 412 
856 937 0 0 729 766 865 612 0 0 0 0 482 144 909 816 579 0 0 476 0 0 0 489 0 725 0 746 0 656 400 0 942 667 709 430 288 618 676 719 852 166 0 745 813 928 172 0 0 177 658 612 601 356 981 0 267 945 113 0 575 229 0 0 621 624 0 0 470 864 934 532 533 736 0 316 267 0 105 641 0 637 0 0 634 648 113 926 772 240 461 0 922 728 581 198 324 608 0 785 0 0 0 527 296 506 831 550 854 633 895 988 0 0 793 289 0 418 539 109 378 0 503 0 420 0 303 990 0 437 557 884 814 931 371 507 298 874 195 405 90 418 0 49 329 0 186 0 602 805 951 703 0 951 926 231 587 216 297 0 0 
380 120 550 707 128 634 49 0 0 0 760 736 0 0 331 663 0 62 707 7 159 0 0 372 0 788 799 0 823 406 0 0 92 673 950 915 614 227 728 0 253 118 223 0 393 411 701 778 313 586 456 214 233 65 571 261 16 383 0 810 878 706 787 396 910 998 0 215 475 848 0 494 723 630 0 869 265 454 0 590 359 0 371 697 348 323 367 0 0 69 233 881 725 803 397 0 861 0 367 973 0 654 0 860 0 510 993 0 351 0 0 875 809 609 92 751 0 735 92 552 0 230 209 343 159 5 970 0 563 0 0 620 0 949 0 650 1 462 0 248 569 77 285 847 497 375 708 442 0 0 0 0 559 417 0 844 257 45 356 3 273 
0 196 18 487 205 129 115 34 404 0 169 0 0 742 153 261 97 0 680 0 0 489 372 0 630 204 547 0 912 285 914 539 290 963 44 670 469 840 219 474 688 653 0 31 920 131 761 0 263 82 571 61 347 903 832 371 0 0 0 877 942 929 52 317 794 974 60 0 182 0 0 201 0 332 104 0 0 334 476 612 0 834 737 396 0 957 0 0 56 0 0 131 814 701 263 301 669 321 0 390 22 181 792 0 819 662 260 145 419 562 823 791 352 548 507 0 260 341 487 983 385 205 549 77 457 797 0 445 448 842 779 0 36 19 656 816 888 349 317 592 365 792 470 864 0 0 463 0 793 116 556 667 89 0 370 217 214 871 0 676 0 
493 421 0 0 276 411 538 163 831 119 466 0 0 858 0 0 689 661 653 716 801 0 0 630 0 0 565 598 167 264 0 485 440 971 321 336 982 538 0 70 0 0 876 92 233 492 938 0 0 0 0 0 73 205 570 895 403 0 0 0 873 88 0 636 0 168 279 0 741 584 933 0 919 0 775 0 556 0 772 0 0 76 638 190 454 142 207 607 934 830 922 560 754 502 915 817 0 803 330 0 838 0 673 868 545 66 0 368 0 728 900 910 378 841 845 0 112 208 983 588 0 0 933 179 954 615 257 0 0 182 0 628 924 0 0 347 644 253 178 888 27 51 974 212 430 886 906 146 0 0 152 613 378 790 165 319 252 278 524 784 61 
915 528 0 0 504 356 0 618 0 982 807 460 47 0 0 505 87 600 853 913 937 725 788 204 0 0 0 617 464 559 320 0 936 795 978 236 977 408 0 0 0 95 0 595 691 0 797 0 349 396 774 303 0 358 425 399 522 0 436 370 504 0 144 341 253 0 585 976 480 0 523 0 400 255 0 0 235 0 148 522 978 482 904 0 705 657 0 139 907 652 484 0 576 297 332 402 73 729 0 307 850 936 373 131 261 417 568 201 269 0 0 742 986 0 452 415 625 308 161 0 379 224 90 685 760 229 243 764 975 420 0 948 275 684 0 280 261 134 147 520 0 874 926 613 0 307 725 473 368 247 715 994 832 359 3 0 614 0 533 72 828 
330 0 0 3 150 75 70 803 541 110 0 303 269 0 983 0 0 119 783 793 331 0 799 547 565 0 0 772 459 926 0 0 806 667 143 0 284 0 0 0 0 10 478 518 826 632 680 314 553 726 971 185 455 0 0 778 0 504 147 883 97 71 418 724 562 0 0 599 691 798 0 142 147 438 496 549 365 0 540 387 519 545 0 59 309 549 148 8 748 0 562 279 680 297 188 257 941 30 853 0 166 778 213 0 241 0 0 600 0 789 374 211 0 352 855 0 770 0 527 278 746 775 467 941 0 0 912 243 751 0 0 901 0 650 996 389 411 540 296 0 809 414 692 0 817 493 870 613 0 849 203 622 0 677 407 929 469 260 997 852 770 
421 935 739 794 119 567 457 424 266 40 895 0 78 0 744 930 96 0 427 478 0 746 0 0 598 617 772 0 0 465 0 273 283 0 548 529 0 213 164 592 356 9 598 0 113 229 554 32 0 116 0 0 289 237 635 953 829 0 953 0 909 904 544 850 149 48 648 0 571 745 316 0 796 764 342 470 969 182 954 778 0 508 628 0 56 317 529 339 0 0 262 89 152 806 846 393 19 379 521 140 184 983 938 732 31 0 102 762 167 0 742 810 584 329 634 543 234 105 337 789 799 579 587 0 0 444 0 661 353 916 116 886 107 854 846 639 188 756 373 0 829 172 323 0 260 436 0 827 0 346 233 111 0 314 421 0 784 299 770 153 710 
320 0 572 125 830 894 99 559 0 824 827 545 775 0 224 268 514 363 730 0 0 0 823 912 167 464 459 0 0 481 487 195 43 612 0 0 493 109 829 531 0 375 897 438 803 245 665 0 428 797 821 773 554 726 700 0 0 438 317 0 0 752 274 892 842 0 970 27 492 907 173 297 0 73 546 0 112 0 0 413 0 339 444 628 452 0 283 572 0 686 542 879 301 648 0 103 954 578 401 489 0 278 228 0 777 339 0 132 0 10 276 414 0 85 115 353 368 643 0 439 680 721 491 517 495 0 799 57 0 229 228 619 571 0 0 892 704 547 686 538 0 589 584 702 845 667 254 186 805 388 0 0 674 0 255 146 433 951 940 618 43 
958 0 249 335 359 289 0 105 879 747 924 0 252 0 115 0 765 0 903 0 0 656 406 285 264 559 926 465 481 0 753 633 0 965 865 753 939 0 461 77 953 0 0 759 325 378 0 932 744 903 870 668 339 671 0 992 0 986 592 763 424 886 0 845 643 129 0 899 237 521 919 727 0 227 803 722 807 89 845 112 250 627 0 605 143 0 542 613 156 581 486 430 0 690 0 902 0 97 599 688 356 0 238 944 0 677 971 978 0 89 378 476 172 357 273 592 919 570 477 428 871 0 0 292 0 440 5 875 874 805 811 344 53 390 903 502 951 490 892 195 989 735 824 0 547 0 96 952 147 789 685 612 467 341 529 375 125 46 665 0 562 
32 195 588 148 91 509 0 991 44 661 64 646 641 395 0 792 0 434 0 0 0 400 0 914 0 320 0 0 487 753 0 0 798 541 0 354 434 422 421 576 93 787 0 682 962 190 675 771 924 880 874 396 197 0 309 0 0 0 0 832 306 0 768 480 0 951 605 0 0 169 593 480 610 68 705 513 801 0 714 300 578 0 518 0 0 221 0 662 0 326 76 544 975 247 195 915 375 99 0 931 13 142 783 475 475 122 0 418 20 492 0 663 185 680 318 0 323 0 0 0 820 0 287 12 321 0 0 851 0 327 766 986 84 85 242 528 461 457 551 56 0 527 0 411 246 367 0 908 0 295 981 955 0 455 906 78 480 670 281 270 97 
767 888 0 0 109 0 0 0 0 0 853 486 238 295 0 503 0 301 93 484 52 0 0 539 485 0 0 273 195 633 0 0 56 240 902 439 0 799 276 277 0 0 720 903 607 871 100 78 341 0 209 0 136 0 611 643 350 723 812 0 561 877 504 734 0 0 184 339 588 585 626 0 0 748 0 415 0 678 0 0 699 0 885 0 821 0 585 572 0 644 965 375 680 0 0 955 813 218 992 230 760 850 750 0 787 0 389 368 226 21 948 353 0 0 33 820 0 446 409 134 0 596 0 657 473 105 0 815 87 621 420 439 35 0 190 918 761 591 806 771 0 231 0 435 551 332 237 801 0 0 0 487 648 211 544 6 431 754 435 392 0 
0 894 58 37 0 757 569 774 324 584 978 0 212 26 195 0 525 147 909 952 125 942 92 290 440 936 806 283 43 0 798 56 0 408 777 975 536 739 215 0 333 921 0 913 969 750 43 946 988 997 0 924 142 99 517 479 256 0 876 762 864 0 595 0 555 0 32 95 604 871 939 811 225 444 722 0 94 0 435 758 0 835 0 333 59 0 321 0 152 213 18 18 869 517 343 830 895 70 943 324 0 0 784 257 527 708 630 0 934 874 0 348 288 316 0 397 23 997 747 152 0 0 308 734 268 345 951 481 147 911 646 115 0 43 0 107 832 227 100 96 417 403 693 467 363 81 78 248 147 0 988 399 256 0 0 969 69 122 736 371 0 
55 264 220 840 85 49 462 772 921 361 957 333 825 0 560 835 704 238 542 721 501 667 673 963 971 795 667 0 612 965 541 240 408 0 792 335 0 388 58 337 844 423 65 13 0 789 35 0 999 615 595 0 617 150 145 0 756 438 796 586 783 105 0 0 760 0 514 386 183 504 502 213 416 247 36 892 584 0 0 843 147 0 374 0 380 291 0 742 578 967 597 771 478 85 329 0 850 557 0 596 157 0 626 452 845 282 614 188 463 634 0 967 0 138 580 623 0 455 358 0 664 448 377 80 0 0 74 20 225 0 223 494 542 575 222 45 489 524 0 96 638 0 149 225 0 431 0 0 0 0 551 0 597 0 0 243 772 0 611 0 650 
940 0 36 804 280 824 267 504 384 404 695 142 868 130 569 0 0 512 217 0 769 709 950 44 321 978 143 548 0 865 0 902 777 792 0 689 0 0 778 34 266 705 354 444 74 44 0 0 0 67 0 331 482 0 202 824 507 154 237 48 0 0 946 673 0 0 517 218 966 190 171 211 586 0 370 335 477 246 991 143 555 258 570 517 104 159 951 708 11 0 851 936 610 0 0 86 343 919 0 0 944 221 919 695 22 359 0 0 756 0 21 0 656 677 0 0 58 77 40 950 456 654 216 366 315 529 0 267 424 435 0 311 587 378 757 0 656 270 0 532 0 546 659 0 998 559 969 864 761 0 871 415 718 864 174 874 445 462 134 952 0 
336 319 14 714 20 111 380 130 512 319 724 313 984 469 136 742 0 246 367 645 377 430 915 670 336 236 0 529 0 753 354 439 975 335 689 0 973 253 0 906 0 365 559 0 0 0 639 207 767 250 0 0 685 303 480 719 571 849 0 635 0 806 866 0 147 0 0 648 0 187 243 660 0 0 0 840 0 291 0 680 309 373 18 679 222 190 0 976 169 0 55 736 918 167 530 0 167 0 938 0 75 154 0 932 293 984 238 453 478 898 589 368 0 958 0 992 443 0 519 227 0 884 901 860 573 692 949 114 0 133 4 232 0 663 385 539 751 41 681 465 340 982 0 15 487 963 731 686 92 483 461 823 0 989 828 216 0 0 0 937 0 
522 273 0 646 136 26 667 0 945 423 622 0 947 753 0 0 719 966 493 193 319 288 614 469 982 977 284 0 493 939 434 0 536 0 0 973 0 459 434 899 274 710 0 568 0 433 640 465 253 14 775 0 0 687 0 733 717 617 9 0 797 681 981 0 762 750 0 934 246 695 756 950 456 974 945 0 964 258 559 0 831 204 337 666 0 292 584 358 599 334 446 0 131 669 321 206 254 244 0 0 0 0 0 410 518 387 924 370 0 0 0 349 283 59 113 846 0 300 611 0 193 545 484 650 0 854 889 710 0 823 0 281 0 460 308 453 565 962 577 51 17 186 249 0 650 863 867 597 0 0 770 191 406 0 135 0 975 631 0 792 308 
0 345 88 622 192 497 607 739 281 453 198 0 473 0 466 159 933 0 800 0 594 618 227 840 538 408 0 213 109 0 422 799 739 388 0 253 459 0 0 877 0 0 0 66 37 0 724 346 651 477 0 0 0 0 0 394 750 724 0 724 547 0 262 522 0 307 249 763 0 560 100 993 108 960 0 69 701 0 367 634 310 0 963 0 808 0 441 202 82 651 0 361 374 787 574 290 932 865 707 815 231 307 364 0 0 0 0 588 510 0 247 0 478 884 41 275 325 0 388 161 784 0 350 0 905 24 418 586 697 665 182 513 125 286 871 574 0 519 776 0 179 0 26 890 376 919 369 865 339 48 789 993 0 922 326 656 967 595 722 161 517 
430 0 12 0 630 0 283 200 344 0 401 806 81 833 211 0 802 807 123 0 283 676 728 219 0 0 0 164 829 461 421 276 215 58 778 0 434 0 0 233 356 6 134 99 711 44 993 266 527 396 0 422 0 777 132 466 0 727 815 461 0 893 805 682 920 848 0 215 584 439 501 956 170 952 668 0 642 929 0 334 480 688 0 0 119 0 15 0 135 372 924 0 611 0 234 908 82 146 118 790 0 561 497 0 251 352 738 235 0 922 621 313 618 0 409 819 0 333 157 99 263 210 480 740 713 0 0 0 176 763 716 526 0 615 0 0 277 21 0 895 61 0 325 0 833 178 0 373 213 50 380 770 358 937 0 326 0 0 827 403 658 
468 243 896 167 139 705 664 675 359 759 359 804 0 537 957 0 199 0 528 125 879 719 0 474 70 0 0 592 531 77 576 277 0 337 34 906 899 877 233 0 142 879 796 166 401 652 180 169 990 851 404 773 232 315 675 473 146 576 455 359 908 59 0 815 0 0 192 0 867 745 0 531 0 876 0 470 0 148 317 740 0 946 658 800 16 0 424 40 447 156 806 292 780 849 468 338 508 637 166 970 503 252 0 258 0 834 285 114 0 697 0 429 383 266 108 697 437 675 0 513 831 106 103 430 0 9 0 0 0 0 262 0 927 615 257 0 88 0 212 447 0 713 30 929 0 811 580 502 930 197 482 736 0 6 239 672 246 42 0 265 0 
317 0 579 768 813 499 321 858 995 594 817 122 737 896 483 768 216 111 391 916 722 852 253 688 0 0 0 356 0 953 93 0 333 844 266 0 274 0 356 142 0 143 896 864 498 48 508 32 645 0 535 722 800 711 176 569 0 788 0 37 937 0 770 416 0 617 815 792 921 151 951 319 126 574 901 987 935 123 689 117 23 322 651 0 321 331 308 113 814 614 0 107 680 254 264 0 0 612 757 828 286 866 664 260 0 731 0 0 957 861 301 360 444 811 688 0 646 12 0 0 44 981 0 54 0 471 0 478 695 248 66 20 223 283 746 0 0 251 0 0 478 0 403 273 39 89 0 646 0 771 0 0 0 0 131 0 69 617 0 0 0 
0 0 333 709 0 486 932 405 147 0 140 332 779 0 98 0 710 113 0 5 0 166 118 653 0 95 10 9 375 0 787 0 921 423 705 365 710 0 6 879 143 0 116 195 0 0 289 648 290 412 863 0 166 772 136 353 837 0 191 878 0 9 774 635 0 63 837 0 0 699 327 0 0 0 190 834 0 0 0 167 748 0 498 580 0 61 768 32 382 0 0 769 662 480 645 935 0 0 75 303 729 351 769 0 0 274 324 445 48 281 718 221 40 800 185 0 680 848 641 0 707 0 962 0 0 577 907 488 0 214 404 950 614 308 398 739 245 52 872 0 515 179 249 712 0 793 0 985 307 791 104 122 0 240 0 492 191 52 0 793 0 
732 0 0 865 0 0 678 141 758 608 0 750 315 212 58 0 309 899 992 192 899 0 223 0 876 0 478 598 897 0 0 720 0 65 354 559 0 0 134 796 896 116 0 66 863 0 0 446 384 352 302 758 197 668 846 592 874 646 417 792 249 235 820 0 962 339 973 130 19 712 0 967 0 444 783 371 329 929 0 424 378 7 11 476 135 0 821 304 742 36 478 620 0 536 886 728 148 592 0 0 729 0 0 0 683 717 0 143 142 666 7 882 0 303 0 834 435 318 471 0 333 0 575 73 264 619 0 147 726 824 420 647 92 176 241 906 0 0 887 349 0 930 0 840 0 0 0 570 787 627 356 207 328 0 364 97 296 0 982 432 860 
289 251 645 0 383 148 0 0 517 822 631 901 865 481 273 0 87 906 909 415 839 745 0 31 92 595 518 0 438 759 682 903 913 13 444 0 568 66 99 166 864 195 66 0 380 618 470 0 57 0 425 942 523 243 570 139 0 276 362 308 915 930 0 0 679 505 36 0 0 116 375 364 767 0 0 0 652 0 471 0 0 978 870 602 559 0 291 616 61 990 441 210 955 0 31 295 0 145 827 63 279 64 690 0 460 207 62 576 0 0 436 25 986 0 29 179 0 129 15 0 774 0 291 561 727 117 738 674 0 0 0 335 0 546 862 0 427 0 0 0 70 933 0 0 476 498 499 79 259 0 697 53 475 944 452 0 486 278 261 884 669 
0 338 744 390 488 876 0 0 0 489 0 720 0 432 783 348 0 0 550 968 616 813 393 920 233 691 826 113 803 325 962 607 969 0 74 0 0 37 711 401 498 0 863 380 0 485 952 0 0 423 958 376 479 211 46 687 539 93 361 632 549 0 118 964 788 0 913 175 141 64 0 661 41 913 0 914 703 891 0 0 0 440 985 0 348 29 334 921 81 340 523 236 921 0 745 161 308 0 709 526 0 869 503 944 60 238 0 914 0 0 127 528 256 0 0 834 949 579 628 434 402 245 744 652 338 0 170 107 249 0 651 274 42 145 388 938 0 48 0 393 546 0 797 421 0 972 210 0 514 95 0 79 99 187 897 662 502 513 954 478 548 
412 675 829 0 887 908 833 619 6 820 210 0 0 463 0 13 0 156 0 90 191 928 411 131 492 0 632 229 245 378 190 871 750 789 44 0 433 0 44 652 48 0 0 618 485 0 45 786 0 662 0 527 400 791 979 531 496 115 575 0 569 191 0 0 928 434 0 0 842 522 145 497 0 844 737 314 0 0 756 906 107 331 0 0 949 0 17 80 336 633 0 95 0 367 0 0 0 80 915 295 0 0 544 400 0 0 0 746 0 715 813 0 0 738 597 0 138 114 723 676 702 444 0 390 0 639 208 94 610 287 136 755 709 667 103 470 120 852 13 0 980 538 209 0 177 75 334 0 0 0 454 0 216 542 530 732 662 0 523 424 0 
541 157 0 159 211 639 804 303 0 672 0 242 639 163 857 98 0 462 460 0 567 172 701 761 938 797 680 554 665 0 675 100 43 35 0 639 640 724 993 180 508 289 0 470 952 45 0 169 558 111 754 0 762 12 715 86 881 480 787 405 7 502 768 942 96 349 650 738 882 0 357 393 103 182 750 421 671 566 159 668 455 0 489 0 276 741 687 46 175 83 544 927 417 0 459 133 632 564 714 532 474 7 819 301 0 0 685 254 0 82 784 487 0 524 178 755 427 65 674 40 118 140 494 701 172 975 0 0 0 336 820 650 281 0 788 618 80 628 652 971 0 176 0 302 346 357 776 607 579 0 0 207 605 263 0 0 479 148 0 0 0 
958 501 330 6 0 698 978 656 752 340 464 816 520 0 737 592 679 435 236 398 358 0 778 0 0 0 314 32 0 932 771 78 946 0 0 207 465 346 266 169 32 648 446 0 0 786 169 0 114 918 67 0 932 499 0 75 192 507 201 0 757 0 459 672 0 144 79 255 639 38 512 446 706 0 805 468 101 73 65 549 703 0 898 804 576 218 951 0 655 72 586 249 450 614 0 485 799 230 140 333 473 0 602 507 0 960 47 725 715 0 307 115 689 180 694 0 191 632 766 0 140 0 403 514 0 60 21 859 90 0 549 443 54 680 892 760 0 375 238 122 0 61 643 204 684 946 393 185 818 671 949 105 342 411 324 554 0 951 58 0 193 
915 371 961 558 535 997 753 905 699 41 691 0 182 871 558 683 927 35 908 0 0 0 313 263 0 349 553 0 428 744 924 341 988 999 0 767 253 651 527 990 645 290 384 57 0 0 558 114 0 0 820 488 675 554 197 978 448 883 201 0 157 925 34 459 342 470 971 823 514 975 185 0 535 687 826 619 687 258 606 0 483 574 272 768 894 193 535 748 93 294 0 978 0 0 49 801 999 860 796 98 0 411 653 0 0 179 882 140 353 190 87 916 820 0 827 0 794 471 969 70 0 358 562 6 906 513 564 646 605 0 958 0 447 701 125 663 283 516 869 0 886 0 823 399 33 925 0 757 0 0 385 508 569 829 0 70 0 596 0 320 0 
841 142 0 680 273 809 0 0 0 0 290 0 132 793 78 760 204 490 377 811 409 177 586 82 0 396 726 116 797 903 880 0 997 615 67 250 14 477 396 851 0 412 352 0 423 662 111 918 0 0 143 338 181 626 93 494 89 746 259 765 642 310 314 586 500 0 541 0 93 998 0 475 273 0 759 50 0 0 693 970 896 795 618 847 848 910 713 0 488 154 0 189 688 0 0 474 456 529 0 628 182 175 651 0 799 280 852 181 577 434 193 85 0 178 0 483 954 319 143 0 0 858 799 150 768 797 0 465 999 507 702 631 564 119 305 757 0 0 171 666 984 314 837 666 747 618 882 334 970 0 216 525 846 521 0 838 20 0 744 964 983 
385 340 0 477 607 0 146 963 58 0 739 172 735 454 0 476 626 0 627 300 751 658 456 571 0 774 971 0 821 870 874 209 0 595 0 0 775 0 0 404 535 863 302 425 958 0 754 67 820 143 0 205 487 674 226 90 654 0 0 0 117 202 700 726 0 257 996 613 801 0 956 186 306 675 624 0 723 291 505 779 586 668 362 877 636 0 286 37 798 310 985 208 807 305 804 0 679 211 9 65 792 0 0 434 605 0 199 0 230 663 0 71 0 0 296 325 717 771 737 0 132 343 12 0 41 652 309 350 0 0 290 303 332 0 0 0 889 25 0 522 868 603 276 760 774 348 745 706 11 696 889 655 982 0 634 0 724 306 429 491 0 
865 428 511 511 99 167 258 424 303 559 191 712 81 12 955 0 0 305 0 896 416 612 214 61 0 303 185 0 773 668 396 0 924 0 331 0 0 0 422 773 722 0 758 942 376 527 0 0 488 338 205 0 146 807 751 520 514 149 0 0 115 132 0 222 773 612 877 0 813 212 284 939 0 289 0 949 0 514 716 792 877 582 995 124 570 0 917 0 811 327 443 736 801 0 849 829 149 355 0 0 546 620 459 910 475 298 863 624 0 326 0 715 800 134 187 248 0 266 0 673 27 0 875 931 879 974 809 875 833 4 509 845 672 0 0 0 200 498 792 0 296 0 980 0 348 871 164 0 0 161 157 622 865 922 0 0 873 807 95 460 535 
0 442 0 890 213 204 637 766 709 0 503 969 447 852 0 440 17 0 0 977 852 601 233 347 73 0 455 289 554 339 197 136 142 617 482 685 0 0 0 232 800 166 197 523 479 400 762 932 675 181 487 146 0 0 337 376 555 324 0 0 887 0 819 733 112 0 470 0 0 705 978 302 30 954 0 116 99 767 384 0 278 538 540 344 37 488 0 0 349 951 767 0 0 532 0 0 545 833 900 922 241 771 944 0 0 262 530 199 681 390 391 686 164 291 813 775 699 400 146 0 165 0 494 96 0 0 856 793 0 379 0 0 570 78 0 331 106 0 0 763 855 255 635 982 59 0 448 0 0 637 119 659 0 645 955 325 420 562 850 0 648 
0 0 872 0 886 216 890 0 737 0 767 196 727 0 0 808 0 0 389 944 847 356 65 903 205 358 0 237 726 671 0 0 99 150 0 303 687 0 777 315 711 772 668 243 211 791 12 499 554 626 674 807 0 0 0 512 457 0 0 728 294 0 512 0 438 880 0 242 432 0 0 40 810 503 891 270 238 0 993 547 42 374 372 54 0 204 426 673 431 317 0 341 214 0 735 173 330 709 766 856 421 0 0 413 0 942 0 767 944 0 136 0 613 338 605 0 827 437 336 0 540 0 11 0 0 848 209 0 0 0 796 0 86 751 532 0 804 683 0 512 378 278 340 648 366 0 84 753 727 759 0 0 0 0 0 501 0 532 274 0 166 
853 924 291 0 744 0 720 387 0 848 0 283 200 177 680 708 0 835 197 257 0 981 571 832 570 425 0 635 700 0 309 611 517 145 202 480 0 0 132 675 176 136 846 570 46 979 715 0 197 93 226 751 337 0 0 265 727 252 403 285 0 0 235 463 141 0 9 913 0 0 784 573 89 673 0 685 967 95 0 0 186 803 139 0 679 0 397 400 0 1 83 974 238 138 200 505 795 783 773 0 0 0 0 505 514 0 0 238 51 0 498 0 0 640 346 593 0 946 154 240 480 994 70 0 0 0 0 213 550 719 431 377 50 338 827 0 355 748 95 634 3 940 83 433 356 0 95 0 0 734 219 891 352 0 432 0 736 229 0 0 0 
864 860 481 442 648 34 0 597 0 910 0 693 639 665 368 962 279 0 0 978 165 0 261 371 895 399 778 953 0 992 0 643 479 0 824 719 733 394 466 473 569 353 592 139 687 531 86 75 978 494 90 520 376 512 265 0 60 613 336 137 0 663 932 0 103 153 912 941 695 875 0 475 656 0 471 0 642 0 480 0 14 176 0 184 0 0 0 183 0 863 580 267 803 938 630 182 52 249 461 967 711 571 848 176 316 0 868 506 852 700 556 9 511 36 357 117 0 556 682 770 0 537 680 97 193 88 799 399 0 417 149 595 28 820 0 102 0 0 574 0 751 285 184 0 490 105 399 650 0 314 346 0 895 764 245 0 0 705 471 0 604 
408 0 210 281 0 771 871 517 0 0 329 114 733 0 698 940 839 946 557 451 419 267 16 0 403 522 0 829 0 0 0 350 256 756 507 571 717 750 0 146 0 837 874 0 539 496 881 192 448 89 654 514 555 457 727 60 0 972 132 13 896 959 0 0 0 296 410 0 94 745 0 518 234 620 994 686 180 785 334 421 941 411 678 134 0 209 468 0 259 0 328 344 102 889 0 0 0 0 0 0 756 0 857 0 873 704 23 206 0 0 0 622 107 0 821 356 829 273 0 296 582 179 815 610 412 0 892 502 799 0 942 165 849 261 428 0 171 460 124 695 704 451 0 0 400 701 565 52 710 0 73 889 0 158 949 106 618 51 296 170 288 
89 0 291 891 257 0 0 810 40 433 341 314 608 420 704 361 343 985 0 560 897 945 383 0 0 0 504 0 438 986 0 723 0 438 154 849 617 724 727 576 788 0 646 276 93 115 480 507 883 746 0 149 324 0 252 613 972 0 0 0 338 943 0 785 142 0 131 0 0 421 386 642 0 514 848 499 336 728 541 937 60 0 38 349 127 910 840 383 0 351 220 0 0 842 680 114 842 579 239 750 410 796 0 114 983 859 326 144 851 233 0 568 784 700 0 942 0 470 181 391 582 974 0 0 486 715 834 322 756 102 652 410 0 994 0 501 498 0 694 0 222 230 34 0 828 0 0 288 0 596 0 743 679 63 694 863 0 0 0 351 280 
251 630 166 396 456 0 681 596 543 134 462 222 413 379 38 529 0 0 866 0 686 113 0 0 0 436 147 953 317 592 0 812 876 796 237 0 9 0 815 455 0 191 417 362 361 575 787 201 201 259 0 0 0 0 403 336 132 0 0 839 907 0 0 10 0 302 908 0 940 468 0 526 0 137 394 80 374 0 881 949 556 577 314 183 0 119 370 650 60 48 0 624 100 323 687 0 621 0 940 0 180 420 437 0 396 77 585 0 495 91 0 426 727 0 0 68 0 325 960 861 836 292 39 0 0 859 673 282 615 578 314 0 629 893 354 782 112 760 771 0 0 107 42 706 335 118 0 0 0 0 963 0 869 0 0 525 373 718 0 0 242 
0 0 898 262 0 0 0 682 185 227 358 600 962 827 0 482 358 370 552 0 0 0 810 877 0 370 883 0 0 763 832 0 762 586 48 635 0 724 461 359 37 878 792 308 632 0 405 0 0 765 0 0 0 728 285 137 13 0 839 0 87 456 45 686 528 892 971 340 0 368 907 913 685 533 494 338 352 0 258 665 382 459 940 933 899 0 819 595 391 399 0 880 165 0 944 936 0 0 0 213 692 852 0 313 490 409 21 0 249 906 236 165 346 160 856 0 0 318 539 11 0 713 142 939 147 938 0 821 0 821 157 884 766 0 930 635 146 698 185 799 0 639 370 0 202 66 0 32 564 20 488 336 0 0 156 0 0 627 738 500 222 
858 923 0 808 0 209 952 289 185 685 0 169 0 299 765 725 861 0 277 0 0 575 878 942 873 504 97 909 0 424 306 561 864 783 0 0 797 547 0 908 937 0 249 915 549 569 7 757 157 642 117 115 887 294 0 0 896 338 907 87 0 759 0 481 493 365 551 749 0 964 958 76 92 0 105 433 78 291 619 677 254 351 887 660 815 698 525 181 547 329 724 571 130 874 574 812 915 0 887 817 556 985 186 614 276 857 0 0 827 0 677 562 62 83 528 449 557 0 0 299 620 0 667 773 0 118 0 202 0 569 680 0 0 86 967 0 142 827 679 404 119 682 600 513 621 879 768 876 606 903 614 839 797 433 0 898 37 270 563 31 16 
619 609 0 0 439 0 511 424 280 239 655 685 811 205 552 932 804 640 3 485 446 229 706 929 88 0 71 904 752 886 0 877 0 105 0 806 681 0 893 59 0 9 235 930 0 191 502 0 925 310 202 132 0 0 0 663 959 943 0 456 759 0 438 286 712 654 282 293 904 252 0 782 970 123 197 354 424 638 375 199 656 128 0 0 0 636 441 509 637 786 563 403 959 0 0 175 822 496 821 344 138 0 523 0 418 426 0 241 0 645 0 0 619 0 0 780 455 366 899 0 0 220 967 902 0 23 680 300 472 0 523 0 285 255 73 937 157 817 0 415 983 0 600 0 574 0 0 754 385 0 21 527 0 785 890 856 844 53 294 102 61 
87 633 558 0 0 0 186 71 976 726 923 93 0 247 613 437 400 939 0 643 449 0 787 52 0 144 418 544 274 0 768 504 595 0 946 866 981 262 805 0 770 774 820 0 118 0 768 459 34 314 700 0 819 512 235 932 0 0 0 45 0 438 0 0 899 108 440 732 444 37 0 92 902 0 0 144 913 22 444 807 460 20 157 37 0 0 890 195 0 382 786 0 795 0 424 0 755 0 926 148 0 965 987 174 826 659 858 0 0 392 923 0 34 0 256 0 283 68 86 0 290 337 187 0 71 637 527 0 815 237 212 858 591 808 380 717 692 0 772 0 498 0 985 0 0 966 446 0 928 634 426 893 359 0 467 346 840 202 0 865 0 
539 0 257 394 187 556 164 316 744 626 0 124 290 249 109 686 11 113 781 93 591 0 396 317 636 341 724 850 892 845 480 734 0 0 673 0 0 522 682 815 416 635 0 0 964 0 942 672 459 586 726 222 733 0 463 0 0 785 10 686 481 286 0 0 0 0 0 40 99 640 0 879 953 849 397 64 22 687 0 691 286 0 822 0 308 305 432 858 590 853 645 842 190 581 0 805 0 615 236 175 478 123 263 162 521 168 0 585 0 210 436 233 321 0 487 0 49 129 0 384 779 808 256 0 129 761 310 0 0 770 960 9 608 706 774 549 852 515 657 212 0 665 325 307 697 0 353 549 972 822 710 213 403 985 0 865 207 182 766 0 0 
0 0 0 0 0 939 0 848 0 666 0 0 620 843 59 132 835 0 535 980 916 621 910 794 0 253 562 149 842 643 0 0 555 760 0 147 762 0 920 0 0 0 962 679 788 928 96 0 342 500 0 773 112 438 141 103 0 142 0 528 493 712 899 0 0 533 0 48 671 799 230 856 238 482 0 0 407 378 0 548 441 619 462 709 0 305 220 0 564 737 682 677 822 960 400 758 0 494 552 0 381 995 753 0 97 414 816 0 584 321 956 128 854 621 239 485 0 0 856 540 464 821 114 291 252 908 0 0 0 859 956 78 533 222 610 296 730 7 662 0 844 289 14 482 826 0 199 357 398 0 865 842 0 311 909 454 269 650 406 975 21 
593 155 793 46 454 539 0 511 877 516 755 57 978 177 590 255 322 663 956 0 0 624 998 974 168 0 0 48 0 129 951 0 0 0 0 0 750 307 848 0 617 63 339 505 0 434 349 144 470 0 257 612 0 880 0 153 296 0 302 892 365 654 108 0 533 0 97 0 844 0 99 92 33 398 244 754 397 636 641 0 116 857 0 551 344 149 0 24 691 742 0 0 164 781 727 0 0 846 0 57 737 616 975 30 721 10 0 52 0 266 24 526 746 634 40 312 0 416 0 0 0 935 510 413 499 671 55 167 0 237 734 561 984 0 477 211 641 807 0 148 100 944 0 0 232 991 918 921 655 0 868 660 504 613 488 905 142 875 863 40 413 
129 226 223 56 883 0 701 172 431 761 358 415 0 0 482 913 985 0 324 645 818 0 0 60 279 585 0 648 970 0 605 184 32 514 517 0 0 249 0 192 815 837 973 36 913 0 650 79 971 541 996 877 470 0 9 912 410 131 908 971 551 282 440 0 0 97 0 780 330 31 650 393 0 0 456 20 944 982 251 0 862 131 138 372 657 0 102 182 287 0 568 209 524 885 802 30 107 415 0 495 590 811 268 122 959 442 72 754 5 228 0 0 874 758 962 945 0 0 395 805 578 825 106 795 681 460 387 154 0 0 420 578 467 159 912 711 465 0 466 173 801 693 839 0 141 0 0 110 349 806 883 364 0 0 380 867 0 677 686 791 997 
212 181 266 375 0 83 69 0 903 366 354 427 984 995 748 0 836 453 445 215 697 0 215 0 0 976 599 0 27 899 0 339 95 386 218 648 934 763 215 0 792 0 130 0 175 0 738 255 823 0 613 0 0 242 913 941 0 0 0 340 749 293 732 40 48 0 780 0 148 964 265 0 327 431 0 604 690 0 620 514 680 692 487 886 73 0 231 0 134 0 0 484 325 555 0 966 615 481 0 34 0 602 666 219 409 743 939 344 71 495 361 586 121 105 212 879 549 369 430 217 193 0 686 0 881 0 856 310 804 650 881 990 607 801 207 65 565 153 0 619 141 331 579 842 0 0 44 657 293 693 315 690 373 792 131 252 662 90 276 243 0 
0 370 993 281 781 539 202 0 0 548 803 0 328 646 851 255 697 0 179 0 140 470 475 182 741 480 691 571 492 237 0 588 604 183 966 0 246 0 584 867 921 0 19 0 141 842 882 639 514 93 801 813 0 432 0 695 94 0 940 0 0 904 444 99 671 844 330 148 0 76 531 75 204 808 380 329 599 0 0 0 284 0 788 781 31 0 0 502 494 796 715 608 0 979 0 210 0 955 932 355 95 153 441 0 933 723 0 0 305 0 0 87 118 0 973 489 66 547 276 38 607 848 845 641 203 0 613 504 302 0 941 663 0 240 717 416 30 253 69 655 150 0 744 105 0 599 555 149 363 0 118 0 242 581 867 598 268 368 378 992 535 
2 51 973 704 644 0 0 459 518 685 67 230 157 568 65 694 0 948 0 908 977 864 848 0 584 0 798 745 907 521 169 585 871 504 190 187 695 560 439 745 151 699 712 116 64 522 0 38 975 998 0 212 705 0 0 875 745 421 468 368 964 252 37 640 799 0 31 964 76 0 883 599 0 659 173 860 0 302 979 0 0 687 39 1 0 54 142 982 876 647 0 367 0 821 156 175 171 439 0 918 816 571 247 0 996 738 0 0 0 755 905 0 912 738 395 747 0 667 562 0 591 469 521 0 641 0 347 265 203 0 472 0 0 240 0 823 643 844 552 979 0 912 704 608 0 560 435 785 837 274 155 647 557 583 0 923 613 0 595 281 445 
731 761 0 929 501 0 907 342 651 791 957 175 252 967 494 614 185 0 247 289 438 934 0 0 933 523 0 316 173 919 593 626 939 502 171 243 756 100 501 0 951 327 0 375 0 145 357 512 185 0 956 284 978 0 784 0 0 386 0 907 958 0 0 0 230 99 650 265 531 883 0 0 543 0 146 826 178 57 431 594 0 768 804 0 0 10 991 262 207 54 97 629 221 647 491 967 173 3 806 428 841 0 148 0 948 0 358 532 651 537 0 176 304 0 0 0 652 370 0 879 329 717 25 0 0 0 949 225 16 359 702 541 0 888 306 7 827 424 0 561 499 0 0 723 376 487 309 0 711 330 173 870 325 336 261 611 430 604 0 464 340 
732 292 36 203 316 596 525 669 416 466 594 502 504 366 0 49 342 0 557 868 180 532 494 201 0 0 142 0 297 727 480 0 811 213 211 660 950 993 956 531 319 0 967 364 661 497 393 446 0 475 186 939 302 40 573 475 518 642 526 913 76 782 92 879 856 92 393 0 75 599 0 0 921 463 0 0 730 66 0 1 0 284 0 291 857 24 590 0 197 65 610 0 0 0 975 207 115 0 0 654 969 0 850 0 707 75 609 654 136 0 86 205 612 0 0 276 560 619 0 185 0 0 358 628 0 316 839 130 755 430 27 499 0 770 0 0 314 716 520 574 0 0 874 393 934 665 588 0 810 0 0 126 403 0 0 411 358 0 894 594 185 
559 0 0 852 0 0 0 0 0 651 49 149 325 973 0 829 924 857 0 80 37 533 723 0 919 400 147 796 0 0 610 0 225 416 586 0 456 108 170 0 126 0 0 767 41 0 103 706 535 273 306 0 30 810 89 656 234 0 0 685 92 970 902 953 238 33 0 327 204 0 543 921 0 834 547 0 228 669 0 0 0 734 683 154 993 810 218 0 417 0 0 827 815 0 668 0 111 135 186 0 247 141 104 523 953 338 161 470 0 123 489 738 952 0 672 826 0 227 584 0 950 870 372 133 255 700 113 0 406 0 734 0 739 287 421 297 380 328 367 493 659 974 0 28 974 0 0 303 665 310 831 0 0 796 359 234 282 0 959 530 0 
687 913 901 0 110 77 0 734 222 806 912 684 818 0 930 397 0 661 869 109 0 736 630 332 0 255 438 764 73 227 68 748 444 247 0 0 974 960 952 876 574 0 444 0 913 844 182 0 687 0 675 289 954 503 673 0 620 514 137 533 0 123 0 849 482 398 0 431 808 659 0 463 834 0 781 630 864 509 0 9 958 225 0 125 400 0 597 446 474 58 944 453 0 95 0 0 86 314 701 588 982 69 720 365 0 191 656 0 0 0 389 395 85 519 489 148 979 473 680 0 694 21 881 0 722 296 350 369 950 497 851 175 666 847 903 301 715 189 0 700 748 830 458 0 0 0 0 689 630 230 473 694 327 0 852 223 371 192 490 0 179 
90 576 938 661 871 796 948 188 684 407 271 334 0 0 684 498 625 0 0 680 0 0 0 104 775 0 496 342 546 803 705 0 722 36 370 0 945 0 668 0 901 190 783 0 0 737 750 805 826 759 624 0 0 891 0 471 994 848 394 494 105 197 0 397 0 244 456 0 380 173 146 0 547 781 0 0 0 814 97 433 255 473 0 0 68 0 0 12 376 227 584 0 891 983 617 418 140 489 0 0 823 371 0 445 129 603 815 251 495 207 144 0 0 0 0 412 918 752 515 353 933 0 0 991 201 41 618 208 614 46 789 987 594 701 0 714 376 467 422 843 0 658 107 0 135 660 986 378 774 72 550 665 846 458 902 989 0 302 0 252 890 
425 595 281 0 313 362 224 505 714 571 798 513 0 920 269 969 236 893 296 821 0 316 869 0 0 0 549 470 0 722 513 415 0 892 335 840 0 69 0 470 987 834 371 0 914 314 421 468 619 50 0 949 116 270 685 0 686 499 80 338 433 354 144 64 0 754 20 604 329 860 826 0 0 630 0 0 0 734 122 0 0 354 476 434 477 379 555 244 690 933 146 567 366 0 0 937 143 729 0 66 0 0 464 0 503 309 852 606 0 0 25 812 698 0 557 339 660 475 195 855 753 0 174 964 80 0 110 727 0 579 958 622 819 0 430 680 112 0 371 523 0 273 0 141 969 679 0 982 918 0 696 817 79 0 0 958 541 35 832 774 0 
549 998 845 0 52 332 0 788 0 0 689 169 802 996 0 0 938 807 325 0 246 267 265 0 556 235 365 969 112 807 801 0 94 584 477 0 964 701 642 0 935 0 329 652 703 0 671 101 687 0 723 0 99 238 967 642 180 336 374 352 78 424 913 22 407 397 944 690 599 0 178 730 228 864 0 0 0 600 914 908 684 0 339 498 0 157 376 912 0 0 0 0 440 992 565 172 0 438 624 732 0 249 72 546 611 753 0 528 881 586 825 241 340 466 950 635 0 276 993 988 0 988 0 253 317 806 815 662 769 0 216 626 189 925 290 283 0 765 327 0 845 0 680 251 649 239 960 0 135 0 751 806 651 0 589 235 945 736 843 993 218 
348 108 0 874 251 269 829 758 163 171 449 0 818 269 423 600 0 84 233 933 0 0 454 334 0 0 0 182 0 89 0 678 0 0 246 291 258 0 929 148 123 0 929 0 891 0 566 73 258 0 291 514 767 0 95 0 785 728 0 0 291 638 22 687 378 636 982 0 0 302 57 66 669 509 814 734 600 0 446 0 930 784 170 83 879 223 0 0 232 875 448 390 94 135 772 153 305 0 824 976 905 915 780 327 0 0 458 0 458 898 623 726 680 234 818 701 211 12 669 358 723 466 700 674 238 990 908 58 748 838 574 131 268 0 324 108 579 553 156 234 0 707 851 330 0 68 0 784 727 708 528 765 0 462 985 123 0 0 0 0 0 
492 0 400 88 0 788 204 29 376 967 0 727 0 0 921 146 677 0 420 0 55 105 0 476 772 148 540 954 0 845 714 0 435 0 991 0 559 367 0 317 689 0 0 471 0 756 159 65 606 693 505 716 384 993 0 480 334 541 881 258 619 375 444 0 0 641 251 620 0 979 431 0 0 0 97 122 914 446 0 0 0 141 459 770 749 821 834 406 789 0 512 0 0 774 0 180 318 0 688 732 150 201 0 220 404 82 392 931 92 367 972 0 892 272 548 71 68 0 478 0 518 397 256 0 586 761 322 717 636 0 60 739 335 41 0 0 263 0 0 730 0 261 0 414 1 307 0 873 398 616 155 351 0 585 998 651 401 153 0 210 49 
378 0 322 0 208 0 961 0 0 440 0 881 644 0 0 0 477 900 160 603 680 641 590 612 0 522 387 778 413 112 300 0 758 843 143 680 0 634 334 740 117 167 424 0 0 906 668 549 0 970 779 792 0 547 0 0 421 937 949 665 677 199 807 691 548 0 0 514 0 0 594 1 0 9 433 0 908 0 0 0 955 654 0 961 158 0 117 0 0 0 567 465 897 0 573 970 88 324 0 0 0 558 915 219 0 491 0 324 0 0 188 0 479 40 165 493 514 150 969 0 884 0 0 0 443 145 0 24 607 585 718 573 527 0 0 278 214 0 680 633 974 0 307 71 657 0 71 605 356 429 844 975 0 63 0 101 415 98 0 73 930 
217 270 582 0 864 825 0 3 841 0 682 311 463 0 729 795 468 0 26 741 864 0 359 0 0 978 519 0 0 250 578 699 0 147 555 309 831 310 480 0 23 748 378 0 0 107 455 703 483 896 586 877 278 42 186 14 941 60 556 382 254 656 460 286 441 116 862 680 284 0 0 0 0 958 255 0 684 930 0 955 0 0 0 427 695 616 104 0 692 538 451 25 897 728 244 908 778 710 994 0 625 888 829 280 146 0 0 645 0 298 854 0 743 654 573 207 967 0 0 0 167 0 158 0 126 838 161 344 113 849 0 612 402 0 0 773 0 36 352 0 776 0 8 860 0 606 45 489 382 0 0 966 833 110 74 622 529 919 0 0 0 
731 326 761 173 0 423 262 772 401 870 0 234 382 996 932 150 175 329 801 946 407 637 0 834 76 482 545 508 339 627 0 0 835 0 258 373 204 0 688 946 322 0 7 978 440 331 0 0 574 795 668 582 538 374 803 176 411 0 577 459 351 128 20 0 619 857 131 692 0 687 768 284 734 225 473 354 0 784 141 654 0 0 775 248 849 669 888 0 731 831 879 499 0 225 0 580 514 921 850 0 755 395 17 842 238 0 0 0 785 545 430 540 483 274 440 971 731 706 984 0 925 856 0 0 367 6 0 933 710 252 20 701 0 340 35 761 553 241 789 785 2 194 963 158 0 641 0 0 0 0 261 0 602 100 563 27 92 512 380 0 596 
433 898 174 43 35 422 933 958 365 218 0 764 0 314 0 547 648 792 0 573 917 0 371 737 638 904 0 628 444 0 518 885 0 374 570 18 337 963 0 658 651 498 11 870 985 0 489 898 272 618 362 995 540 372 139 0 678 38 314 940 887 0 157 822 462 0 138 487 788 39 804 0 683 0 0 476 339 170 459 0 0 775 0 588 0 165 282 708 0 662 318 545 805 530 550 0 4 849 284 391 314 0 357 0 0 26 738 221 959 0 920 117 136 76 473 0 662 0 549 911 0 847 0 0 0 0 423 467 0 0 973 0 32 0 41 355 0 36 0 201 699 256 0 466 751 933 747 16 604 360 0 658 480 0 373 866 102 192 268 838 0 
0 151 337 0 968 0 0 0 954 0 283 0 348 0 0 0 847 426 898 0 967 0 697 396 190 0 59 0 628 605 0 0 333 0 517 679 666 0 0 800 0 580 476 602 0 0 0 804 768 847 877 124 344 54 0 184 134 349 183 933 660 0 37 0 709 551 372 886 781 1 0 291 154 125 0 434 498 83 770 961 427 248 588 0 66 0 720 0 0 410 0 0 865 79 0 0 963 321 0 0 617 0 656 0 774 105 168 10 964 0 775 313 0 0 204 383 0 298 502 913 0 161 0 999 201 85 175 849 0 139 0 0 978 204 747 213 65 151 44 4 358 0 377 29 877 0 975 572 998 698 829 30 0 846 376 725 94 640 0 0 0 
615 827 0 183 0 720 369 369 258 326 0 180 784 77 825 767 0 228 694 348 192 634 348 0 454 705 309 56 452 143 0 821 59 380 104 222 0 808 119 16 321 0 135 559 348 949 276 576 894 848 636 570 37 0 679 0 0 127 0 899 815 0 0 308 0 344 657 73 31 0 0 857 993 400 68 477 0 879 749 158 695 849 0 66 0 0 429 0 541 220 412 980 670 0 893 177 811 0 462 797 0 967 472 645 721 826 601 160 0 527 240 350 115 0 0 145 0 643 0 285 164 108 0 626 397 613 0 889 988 579 201 0 810 0 399 508 695 491 29 753 607 0 609 20 100 0 152 0 0 542 330 0 629 439 317 981 460 836 949 945 815 
80 674 38 688 112 445 914 464 988 406 396 0 25 53 186 106 80 23 361 0 301 648 323 957 142 657 549 317 0 0 221 0 0 291 159 190 292 0 0 0 331 61 0 0 29 0 741 218 193 910 0 0 488 204 0 0 209 910 119 0 698 636 0 305 305 149 0 0 0 54 10 24 810 0 0 379 157 223 821 0 616 669 165 0 0 0 152 31 898 412 873 950 807 942 257 944 357 289 365 0 250 0 526 819 0 184 0 108 0 360 236 126 871 0 452 534 0 180 843 633 381 305 0 441 741 641 133 0 0 736 0 0 733 102 258 267 548 310 0 0 164 620 121 579 338 295 458 0 773 0 444 0 665 772 0 731 993 353 349 377 771 
356 841 302 4 341 0 256 802 167 913 0 898 727 31 328 721 0 349 368 958 0 113 367 0 207 0 148 529 283 542 0 585 321 0 951 0 584 441 15 424 308 768 821 291 334 17 687 951 535 713 286 917 0 426 397 0 468 840 370 819 525 441 890 432 220 0 102 231 0 142 991 590 218 597 0 555 376 0 834 117 104 888 282 720 429 152 0 0 228 894 0 716 139 0 617 0 731 996 946 48 580 664 943 850 0 0 633 0 594 139 0 0 883 0 18 0 0 729 0 311 0 0 449 37 568 810 515 703 255 516 561 204 0 0 434 1 0 35 2 66 811 92 363 31 878 61 0 0 0 784 807 912 216 0 493 768 838 572 435 882 0 
0 794 571 207 614 0 258 834 245 732 835 0 161 430 0 651 961 345 98 735 987 926 0 0 607 139 8 339 572 613 662 572 0 742 708 976 358 202 0 40 113 32 304 616 921 80 46 0 748 0 37 0 0 673 400 183 0 383 650 595 181 509 195 858 0 24 182 0 502 982 262 0 0 446 12 244 912 0 406 0 0 0 708 0 0 31 0 0 0 350 735 0 147 0 606 0 114 0 0 0 28 757 74 922 0 673 37 462 912 329 0 914 428 435 218 564 929 243 911 590 518 69 0 652 0 0 627 0 711 510 0 658 386 853 327 232 21 0 662 552 0 894 175 889 428 559 763 546 0 48 458 441 233 970 792 130 463 556 123 960 921 
840 0 436 554 0 133 0 639 201 312 472 255 998 0 0 32 521 175 66 459 335 772 0 56 934 907 748 0 0 156 0 0 152 578 11 169 599 82 135 447 814 382 742 61 81 336 175 655 93 488 798 811 349 431 0 0 259 0 60 391 547 637 0 590 564 691 287 134 494 876 207 197 417 474 376 690 0 232 789 0 692 731 0 0 541 898 228 0 0 541 0 749 954 869 0 770 704 0 316 0 156 959 398 216 289 763 216 985 766 0 905 448 0 834 0 453 569 279 338 0 140 541 780 6 6 581 778 744 549 636 541 913 268 0 0 0 0 979 223 0 123 841 190 649 593 155 0 221 0 80 509 333 275 0 48 637 276 884 242 0 81 
0 0 442 129 0 0 649 270 971 688 241 222 453 710 700 223 301 930 0 438 827 240 69 0 830 652 0 0 686 581 326 644 213 967 0 0 334 651 372 156 614 0 36 990 340 633 83 72 294 154 310 327 951 317 1 863 0 351 48 399 329 786 382 853 737 742 0 0 796 647 54 65 0 58 227 933 0 875 0 0 538 831 662 410 220 412 894 350 541 0 0 762 474 0 35 0 968 625 0 247 0 846 125 750 424 884 35 775 571 876 835 686 349 670 854 209 15 491 0 0 863 169 801 370 312 0 0 67 0 935 436 658 521 982 559 601 0 387 120 715 330 568 243 504 546 457 0 351 728 22 0 10 69 0 889 97 445 122 293 0 292 
593 47 515 0 909 539 806 101 86 984 88 979 76 0 0 0 434 481 86 805 293 461 233 0 922 484 562 262 542 486 76 965 18 597 851 55 446 0 924 806 0 0 478 441 523 0 544 586 0 0 985 443 767 0 83 580 328 220 0 0 724 563 786 645 682 0 568 0 715 0 97 610 0 944 584 146 0 448 512 567 451 879 318 0 412 873 0 735 0 0 0 641 396 120 440 0 838 37 542 510 0 954 421 209 0 551 495 164 392 676 604 797 576 225 462 155 0 416 0 314 59 899 0 88 704 211 360 475 222 792 277 389 0 69 42 426 12 364 943 878 671 101 954 917 895 431 638 466 0 690 377 958 188 0 2 971 951 766 350 726 600 
0 350 925 171 0 271 71 192 650 710 821 0 424 208 0 613 353 485 16 0 471 0 881 131 560 0 279 89 879 430 544 375 18 771 936 736 0 361 0 292 107 769 620 210 236 95 927 249 978 189 208 736 0 341 974 267 344 0 624 880 571 403 0 842 677 0 209 484 608 367 629 0 827 453 0 567 0 390 0 465 25 499 545 0 980 950 716 0 749 762 641 0 0 0 36 622 0 963 862 94 0 61 162 168 663 193 136 853 822 149 0 882 432 115 681 904 284 245 704 680 127 813 0 966 126 272 21 0 0 398 82 0 91 509 848 0 297 71 0 47 194 7 874 999 23 160 415 96 946 0 72 0 210 0 658 97 410 478 0 0 0 
342 874 494 269 735 211 298 0 268 199 114 855 648 471 910 179 0 452 117 205 104 922 725 814 754 576 680 152 301 0 975 680 869 478 610 918 131 374 611 780 680 662 0 955 921 0 417 450 0 688 807 801 0 214 238 803 102 0 100 165 130 959 795 190 822 164 524 325 0 0 221 0 815 0 891 366 440 94 0 897 897 0 805 865 670 807 139 147 954 474 396 0 0 0 919 723 146 0 0 0 856 0 0 974 269 589 843 561 981 121 667 718 0 496 506 248 733 0 733 142 135 0 0 132 185 0 259 437 645 607 274 0 493 238 227 677 0 778 0 555 188 591 505 0 339 0 536 892 0 819 888 128 0 407 0 499 65 862 87 0 0 
458 237 0 84 0 929 0 784 206 0 0 494 729 181 309 229 47 774 965 84 0 728 803 701 502 297 297 806 648 690 247 0 517 85 0 167 669 787 0 849 254 480 536 0 0 367 0 614 0 0 305 0 532 0 138 938 889 842 323 0 874 0 0 581 960 781 885 555 979 821 647 0 0 95 983 0 992 135 774 0 728 225 530 79 0 942 0 0 869 0 120 0 0 0 637 565 83 657 0 307 0 32 920 496 56 280 0 812 117 309 125 361 860 0 317 34 0 85 126 782 850 387 505 0 0 832 349 72 0 13 0 643 573 0 511 956 861 0 0 951 219 394 495 933 0 208 444 431 989 418 64 0 38 141 340 78 642 325 0 0 366 
348 343 497 988 981 521 221 38 580 17 0 203 0 396 117 181 0 312 0 0 75 581 397 263 915 332 188 846 0 0 195 0 343 329 0 530 321 574 234 468 264 645 886 31 745 0 459 0 49 0 804 849 0 735 200 630 0 680 687 944 574 0 424 0 400 727 802 0 0 156 491 975 668 0 617 0 565 772 0 573 244 0 550 0 893 257 617 606 0 35 440 36 919 637 0 396 865 252 120 837 698 675 0 713 0 126 321 785 11 0 0 0 693 54 426 369 0 612 590 506 437 24 61 192 92 0 527 197 576 0 728 568 374 0 0 708 217 552 892 397 703 954 0 901 577 312 507 582 28 268 0 607 720 671 492 10 401 14 756 780 0 
0 250 0 712 867 0 0 967 474 714 642 853 913 378 688 551 0 979 217 489 316 198 0 301 817 402 257 393 103 902 915 955 830 0 86 0 206 290 908 338 0 935 728 295 161 0 133 485 801 474 0 829 0 173 505 182 0 114 0 936 812 175 0 805 758 0 30 966 210 175 967 207 0 0 418 937 172 153 180 970 908 580 0 0 177 944 0 0 770 0 0 622 723 565 396 0 86 70 711 785 0 621 192 405 159 911 69 729 178 538 760 830 873 972 327 0 610 0 268 962 893 669 221 379 138 0 38 351 0 0 240 0 36 0 908 885 917 616 0 0 352 0 798 0 853 0 430 0 829 263 667 0 101 0 906 286 370 315 843 536 0 
643 38 344 514 0 868 0 454 0 885 867 0 47 955 864 706 26 311 576 0 358 324 861 669 0 73 941 19 954 0 375 813 895 850 343 167 254 932 82 508 0 0 148 0 308 0 632 799 999 456 679 149 545 330 795 52 0 842 621 0 915 822 755 0 0 0 107 615 0 171 173 115 111 86 140 143 0 305 318 88 778 514 4 963 811 357 731 114 704 968 838 0 146 83 865 86 0 710 200 287 0 0 894 0 14 352 493 281 73 0 522 0 0 482 202 780 82 0 214 0 602 664 888 27 662 0 0 216 0 327 669 776 155 0 464 962 317 340 87 0 0 967 90 721 890 884 494 0 262 0 513 601 195 875 99 491 919 389 624 215 0 
0 0 510 0 0 0 0 0 0 17 733 650 121 84 450 418 0 849 950 843 932 608 0 321 803 729 30 379 578 97 99 218 70 557 919 0 244 865 146 637 612 0 592 145 0 80 564 230 860 529 211 355 833 709 783 249 0 579 0 0 0 496 0 615 494 846 415 481 955 439 3 0 135 314 489 729 438 0 0 324 710 921 849 321 0 289 996 0 0 625 37 963 0 657 252 70 710 0 697 0 404 734 417 266 0 708 451 0 0 607 365 963 751 961 158 0 789 0 609 604 972 114 622 157 0 0 445 82 534 527 0 0 0 0 0 540 299 747 517 340 492 723 0 0 492 0 959 911 471 0 932 227 460 842 799 0 235 368 177 924 0 
357 0 191 391 0 763 0 0 0 376 917 0 656 0 713 49 451 693 0 226 0 0 367 0 330 0 853 521 401 599 0 992 943 0 0 938 0 707 118 166 757 75 0 827 709 915 714 140 796 0 9 0 900 766 773 461 0 239 940 0 887 821 926 236 552 0 0 0 932 0 806 0 186 701 0 0 624 824 688 0 994 850 284 0 462 365 946 0 316 0 542 862 0 0 120 711 200 697 0 0 0 858 650 678 0 274 0 634 378 558 125 0 696 27 277 101 411 27 121 0 0 348 933 626 272 694 316 958 254 699 816 0 951 216 22 0 253 0 138 0 756 182 447 955 931 490 249 292 81 637 962 903 0 225 214 0 284 12 762 333 691 
438 812 566 191 914 205 100 0 228 241 220 0 12 0 0 0 683 850 0 797 909 785 973 390 0 307 0 140 489 688 931 230 324 596 0 0 0 815 790 970 828 303 0 63 526 295 532 333 98 628 65 0 922 856 0 967 0 750 0 213 817 344 148 175 0 57 495 34 355 918 428 654 0 588 0 66 732 976 732 0 0 0 391 0 797 0 48 0 0 247 510 94 0 307 837 785 287 0 0 0 717 284 0 0 749 512 374 0 0 466 284 868 845 0 561 569 714 999 114 262 959 159 0 0 868 595 729 981 0 951 794 385 702 521 843 260 0 583 944 30 728 962 0 162 643 567 0 65 0 417 341 0 404 905 304 0 105 208 798 59 610 
806 882 558 919 877 819 0 240 447 423 0 656 822 597 123 934 0 711 454 0 486 0 0 22 838 850 166 184 0 356 13 760 0 157 944 75 0 231 0 503 286 729 729 279 0 0 474 473 0 182 792 546 241 421 0 711 756 410 180 692 556 138 0 478 381 737 590 0 95 816 841 969 247 982 823 0 0 905 150 0 625 755 314 617 0 250 580 28 156 0 0 0 856 0 698 0 0 404 0 717 0 0 56 711 367 265 0 399 160 465 483 0 807 827 812 356 915 187 132 322 255 382 236 229 264 0 596 743 169 934 0 752 0 0 350 0 0 766 690 766 0 0 0 895 102 0 328 450 0 484 280 103 362 977 0 0 266 628 769 992 938 
0 951 891 802 919 316 163 0 307 474 91 0 0 967 656 862 580 593 226 284 873 0 654 181 0 936 778 983 278 0 142 850 0 0 221 154 0 307 561 252 866 351 0 64 869 0 7 0 411 175 0 620 771 0 0 571 0 796 420 852 985 0 965 123 995 616 811 602 153 571 0 0 141 69 371 0 249 915 201 558 888 395 0 0 967 0 664 757 959 846 954 61 0 32 675 621 0 734 858 284 0 0 0 943 0 206 0 848 196 373 191 0 985 897 947 948 0 0 0 875 0 392 0 970 0 0 0 266 482 519 379 584 385 580 536 102 793 100 179 572 0 125 361 669 678 78 773 0 625 836 0 158 898 415 0 739 26 563 862 343 895 
762 0 0 86 286 604 820 476 25 908 105 510 12 638 655 615 184 988 631 0 156 0 0 792 673 373 213 938 228 238 783 750 784 626 919 0 0 364 497 0 664 769 0 690 503 544 819 602 653 651 0 459 944 0 0 848 857 0 437 0 186 523 987 263 753 975 268 666 441 247 148 850 104 720 0 464 72 780 0 915 829 17 357 656 472 526 943 74 398 125 421 162 0 920 0 192 894 417 650 0 56 0 0 207 404 327 0 896 837 3 0 311 409 231 0 349 0 295 0 947 722 0 0 787 674 575 776 796 0 631 304 0 220 30 789 855 147 0 112 156 766 0 530 436 0 633 98 358 303 345 584 0 0 645 808 0 184 0 344 587 141 
145 66 241 0 0 0 513 0 418 0 584 627 369 281 753 149 279 322 117 0 804 527 860 0 868 131 0 732 0 944 475 0 257 452 695 932 410 0 0 258 260 0 0 0 944 400 301 507 0 0 434 910 0 413 505 176 0 114 0 313 614 0 174 162 0 30 122 219 0 0 0 0 523 365 445 0 546 327 220 219 280 842 0 0 645 819 850 922 216 750 209 168 974 496 713 405 0 266 678 0 711 943 207 0 778 0 0 582 621 714 31 0 806 509 61 794 659 534 0 548 552 833 336 358 0 14 0 0 851 415 267 0 0 117 671 442 220 985 0 807 545 938 154 760 0 631 44 819 508 26 0 0 787 0 89 692 105 0 823 58 0 
0 452 718 0 136 588 26 711 696 971 728 271 0 71 629 703 476 0 873 0 848 296 0 819 545 261 241 31 777 0 475 787 527 845 22 293 518 0 251 0 0 0 683 460 60 0 0 0 0 799 605 475 0 0 514 316 873 983 396 490 276 418 826 521 97 721 959 409 933 996 948 707 953 0 129 503 611 0 404 0 146 238 0 774 721 0 0 0 289 424 0 663 269 56 0 159 14 0 0 749 367 0 404 778 0 140 0 665 0 614 718 830 573 257 879 0 273 0 0 244 0 0 824 0 235 0 68 473 659 408 971 0 76 171 0 228 449 605 622 730 0 902 679 0 521 366 824 972 0 0 0 976 717 0 0 867 557 0 732 572 0 
292 0 622 0 465 282 0 0 0 113 921 11 0 717 683 0 521 938 426 0 159 506 510 662 66 417 0 0 339 677 122 0 708 282 359 984 387 0 352 834 731 274 717 207 238 0 0 960 179 280 0 298 262 942 0 0 704 859 77 409 857 426 659 168 414 10 442 743 723 738 0 75 338 191 603 309 753 0 82 491 0 0 26 105 826 184 0 673 763 884 551 193 589 280 126 911 352 708 274 512 265 206 327 0 140 0 0 995 352 26 204 649 0 162 0 464 619 881 0 890 173 913 818 311 0 741 0 0 533 0 132 0 164 194 674 0 55 0 0 791 259 522 545 778 564 0 970 790 0 0 0 374 414 597 19 185 0 91 782 142 0 
578 0 0 0 591 0 836 0 267 731 0 0 764 156 0 974 106 841 813 684 31 831 993 260 0 568 0 102 0 971 0 389 630 614 0 238 924 0 738 285 0 324 0 62 0 0 685 47 882 852 199 863 530 0 0 868 23 326 585 21 0 0 858 0 816 0 72 939 0 0 358 609 161 656 815 852 0 458 392 0 0 0 738 168 601 0 633 37 216 35 495 136 843 0 321 69 493 451 0 374 0 0 0 0 0 0 0 0 0 535 594 104 0 252 83 916 0 0 316 856 877 848 0 0 234 0 0 931 948 845 399 58 921 684 664 546 0 28 940 651 319 833 306 554 908 293 740 923 636 517 0 589 881 979 429 406 0 695 421 32 0 
799 197 0 173 296 0 306 13 268 273 0 260 971 0 44 755 223 0 221 300 0 550 0 145 368 201 600 762 132 978 418 368 0 188 0 453 370 588 235 114 0 445 143 576 914 746 254 725 140 181 0 624 199 767 238 506 206 144 0 0 0 241 0 585 0 52 754 344 0 0 532 654 470 0 251 606 528 0 931 324 645 0 221 10 160 108 0 462 985 775 164 853 561 812 785 729 281 0 634 0 399 848 896 582 665 995 0 0 631 688 865 619 523 68 155 148 720 493 399 936 843 527 160 811 844 211 233 664 593 0 0 0 566 671 809 558 182 0 578 332 474 304 809 214 479 30 841 558 476 16 91 803 901 29 171 595 170 0 0 165 0 
98 305 725 24 308 662 808 188 822 902 967 391 48 0 674 693 748 377 0 203 0 854 351 419 0 269 0 167 0 0 20 226 934 463 756 478 0 510 0 0 957 48 142 0 0 0 0 715 353 577 230 0 681 944 51 852 0 851 495 249 827 0 0 0 584 0 5 71 305 0 651 136 0 0 495 0 881 458 92 0 0 785 959 964 0 0 594 912 766 571 392 822 981 117 11 178 73 0 378 0 160 196 837 621 0 352 0 631 0 0 227 508 291 566 0 290 0 759 421 852 0 0 367 868 0 385 307 443 0 0 801 594 163 73 708 1 0 0 33 223 622 229 88 403 96 366 917 174 271 825 0 489 180 531 0 587 457 586 239 595 0 
0 527 182 966 547 0 749 129 790 0 0 643 0 973 0 0 0 0 293 0 0 633 0 562 728 0 789 0 10 89 492 21 874 634 0 898 0 0 922 697 861 281 666 0 0 715 82 0 190 434 663 326 390 0 0 700 0 233 91 906 0 645 392 210 321 266 228 495 0 755 537 0 123 0 207 0 586 898 367 0 298 545 0 0 527 360 139 329 0 876 676 149 121 309 0 538 0 607 558 466 465 373 3 714 614 26 535 688 0 0 0 960 238 0 781 506 835 957 265 853 76 40 0 642 778 744 476 662 861 0 0 364 357 348 993 499 718 860 0 0 398 0 576 75 672 169 12 522 0 657 580 981 0 154 347 832 508 0 731 0 221 
0 0 299 0 676 247 0 0 700 651 429 0 0 166 988 0 0 173 40 134 0 895 0 823 900 0 374 742 276 378 0 948 0 0 21 589 0 247 621 0 301 718 7 436 127 813 784 307 87 193 0 0 391 136 498 556 0 0 0 236 677 0 923 436 956 24 0 361 0 905 0 86 489 389 144 25 825 623 972 188 854 430 920 775 240 236 0 0 905 835 604 0 667 125 0 760 522 365 125 284 483 191 0 31 718 204 594 865 227 0 0 23 646 111 0 79 395 697 185 0 658 0 764 0 988 0 0 148 492 97 0 667 510 135 0 613 554 474 810 115 0 660 930 563 815 765 126 612 136 92 750 524 0 802 0 494 145 597 482 0 600 
0 945 647 0 0 424 353 0 0 48 589 0 714 496 682 926 340 430 164 949 211 988 875 791 910 742 211 810 414 476 663 353 348 967 0 368 349 0 313 429 360 221 882 25 528 0 487 115 916 85 71 715 686 0 0 9 622 568 426 165 562 0 0 233 128 526 0 586 87 0 176 205 738 395 0 812 241 726 0 0 0 540 117 313 350 126 0 914 448 686 797 882 718 361 0 830 0 963 0 868 0 0 311 0 830 649 104 619 508 960 23 0 202 188 941 387 0 576 697 0 0 372 0 0 725 0 0 0 0 991 451 162 908 231 0 0 727 416 28 295 68 592 296 366 0 789 199 401 294 929 0 790 613 415 682 843 0 274 381 332 65 
0 0 360 0 494 0 11 533 783 0 92 29 266 150 0 222 238 0 795 896 0 0 809 352 378 986 0 584 0 172 185 0 288 0 656 0 283 478 618 383 444 40 0 986 256 0 0 689 820 0 0 800 164 613 0 511 107 784 727 346 62 619 34 321 854 746 874 121 118 912 304 612 952 85 0 698 340 680 892 479 743 483 136 0 115 871 883 428 0 349 576 432 0 860 693 873 0 751 696 845 807 985 409 806 573 0 0 523 291 238 646 202 0 0 206 837 0 931 0 176 459 593 63 0 836 103 0 763 919 714 0 610 0 285 0 45 0 123 846 358 768 179 608 18 136 731 975 0 274 933 696 274 590 563 0 535 901 127 0 319 358 
0 671 16 0 72 677 997 809 0 451 508 379 494 0 0 411 638 919 928 724 489 0 609 548 841 0 352 329 85 357 680 0 316 138 677 958 59 884 0 266 811 800 303 0 0 738 524 180 0 178 0 134 291 338 640 36 0 700 0 160 83 0 0 0 621 634 758 105 0 738 0 0 0 519 0 0 466 234 272 40 654 274 76 0 0 0 0 435 834 670 225 115 496 0 54 972 482 961 27 0 827 897 231 509 257 162 252 68 566 0 111 188 0 0 309 0 397 211 785 833 79 613 0 410 684 0 9 153 613 579 434 137 885 725 0 390 982 884 40 57 0 0 0 92 169 950 0 309 362 504 0 0 440 364 591 432 773 941 236 851 164 
0 484 799 945 351 0 98 844 755 574 82 18 263 637 0 0 0 341 511 175 736 793 92 507 845 452 855 634 115 273 318 33 0 580 0 0 113 41 409 108 688 185 0 29 0 597 178 694 827 0 296 187 813 605 346 357 821 0 0 856 528 0 256 487 239 40 962 212 973 395 0 0 672 489 0 557 950 818 548 165 573 440 473 204 0 452 18 218 0 854 462 681 506 317 426 327 202 158 277 561 812 947 0 61 879 0 83 155 0 781 0 941 206 309 0 0 437 54 0 701 0 0 0 474 663 947 632 0 638 0 166 396 705 178 772 661 967 0 149 581 630 0 367 154 129 970 453 642 206 803 981 654 429 360 0 674 142 26 618 0 796 
113 285 693 0 274 63 0 50 760 574 435 392 364 422 0 79 0 869 648 408 0 289 751 0 0 415 0 543 353 592 0 820 397 623 0 992 846 275 819 697 0 0 834 179 834 0 755 0 0 483 325 248 775 0 593 117 356 942 68 0 449 780 0 0 485 312 945 879 489 747 0 276 826 148 412 339 635 701 71 493 207 971 0 383 145 534 0 564 453 209 155 904 248 34 369 0 780 0 101 569 356 948 349 794 0 464 916 148 290 506 79 387 837 0 0 0 0 950 955 0 270 0 69 321 0 821 233 358 871 338 897 432 0 832 901 295 567 60 642 0 228 16 0 327 0 0 97 708 0 182 94 349 956 531 334 201 581 394 0 948 171 
791 7 829 0 0 967 610 227 0 851 0 226 450 350 606 85 0 959 264 0 477 0 0 260 112 625 770 234 368 919 323 0 23 0 58 443 0 325 0 437 646 680 435 0 949 138 427 191 794 954 717 0 699 827 0 0 829 0 0 0 557 455 283 49 0 0 0 549 66 0 652 560 0 979 918 660 0 211 68 514 967 731 662 0 0 0 0 929 569 15 0 284 733 0 0 610 82 789 411 714 915 0 0 659 273 619 0 720 0 835 395 0 0 397 437 0 0 59 677 772 0 100 289 85 0 623 77 719 0 0 638 788 784 302 825 0 305 565 0 284 0 415 0 278 636 931 229 803 659 370 0 0 0 856 639 920 0 777 919 690 172 
0 601 776 619 50 221 688 0 0 300 0 784 768 531 990 923 928 0 871 0 380 418 735 341 208 308 0 105 643 570 0 446 997 455 77 0 300 0 333 675 12 848 318 129 579 114 65 632 471 319 771 266 400 437 946 556 273 470 325 318 0 366 68 129 0 416 0 369 547 667 370 619 227 473 752 475 276 12 0 150 0 706 0 298 643 180 729 243 279 491 416 245 0 85 612 0 0 0 27 999 187 0 295 534 0 881 0 493 759 957 697 576 931 211 54 950 59 0 797 962 0 582 468 254 217 383 26 483 0 536 230 551 0 0 837 0 790 0 695 0 365 266 0 838 113 0 499 660 0 221 0 205 0 0 486 830 371 524 0 0 314 
843 678 520 0 376 0 288 295 823 329 118 823 613 765 882 636 396 558 976 170 0 539 92 487 983 161 527 337 0 477 0 409 747 358 40 519 611 388 157 0 0 641 471 15 628 723 674 766 969 143 737 0 146 336 154 682 0 181 960 539 0 899 86 0 856 0 395 430 276 562 0 0 584 680 515 195 993 669 478 969 0 984 549 502 0 843 0 911 338 0 0 704 733 126 590 268 214 609 121 114 132 0 0 0 0 0 316 399 421 265 185 697 0 785 0 955 677 797 0 0 947 0 0 0 104 862 342 71 0 858 852 775 175 370 45 4 12 425 171 0 746 320 0 476 185 649 922 420 230 261 909 86 645 121 3 912 555 979 0 534 447 
80 769 84 0 426 104 594 586 167 0 428 76 742 743 861 0 133 0 321 536 868 109 552 983 588 0 278 789 439 428 0 134 152 0 950 227 0 161 99 513 0 0 0 0 434 676 40 0 70 0 0 673 0 0 240 770 296 391 861 11 299 0 0 384 540 0 805 217 38 0 879 185 0 0 353 855 988 358 0 0 0 0 911 913 285 633 311 590 0 0 314 680 142 782 506 962 0 604 0 262 322 875 947 548 244 890 856 936 852 853 0 0 176 833 701 0 772 962 0 0 554 153 0 480 0 0 37 0 526 0 931 223 873 42 0 423 122 76 525 0 874 298 940 178 591 412 0 299 0 280 0 983 879 873 68 960 0 0 0 0 435 
555 848 307 879 0 889 495 690 901 422 918 564 240 0 49 0 681 132 681 0 283 378 0 385 0 379 746 799 680 871 820 0 0 664 456 0 193 784 263 831 44 707 333 774 402 702 118 140 0 0 132 27 165 540 480 0 582 582 836 0 620 0 290 779 464 0 578 193 607 591 329 0 950 694 933 753 0 723 518 884 167 925 0 0 164 381 0 518 140 863 59 127 135 850 437 893 602 972 0 959 255 0 722 552 0 173 877 843 0 76 658 0 459 79 0 270 0 0 947 554 0 840 314 0 105 0 543 0 284 383 621 0 688 869 385 414 112 888 0 294 0 962 0 212 969 0 762 0 208 812 637 836 0 0 474 0 680 491 480 228 0 
491 776 76 638 817 56 445 578 275 788 371 142 320 783 90 977 23 943 0 130 0 0 230 205 0 224 775 579 721 0 0 596 0 448 654 884 545 0 210 106 981 0 0 0 245 444 140 0 358 858 343 0 0 0 994 537 179 974 292 713 0 220 337 808 821 935 825 0 848 469 717 0 870 21 0 0 988 466 397 0 0 856 847 161 108 305 0 69 541 169 899 813 0 387 24 669 664 114 348 159 382 392 0 833 0 913 848 527 0 40 0 372 593 613 0 0 100 582 0 153 840 0 293 541 372 433 490 0 898 339 839 0 0 806 300 592 992 0 979 705 399 392 852 614 400 80 0 679 960 893 422 948 0 918 533 855 63 575 0 356 94 
717 68 206 1 890 0 0 683 891 222 791 23 363 958 172 849 445 70 871 158 696 503 209 549 933 90 467 587 491 0 287 0 308 377 216 901 484 350 480 103 0 962 575 291 744 0 494 403 562 799 12 875 494 11 70 680 815 0 39 142 667 967 187 256 114 510 106 686 845 521 25 358 372 881 0 174 0 700 256 0 158 0 0 0 0 0 449 0 780 801 0 0 0 505 61 221 888 622 933 0 236 0 0 336 824 818 0 160 367 0 764 0 63 0 0 69 289 468 0 0 314 293 0 160 116 816 122 0 420 0 959 75 127 141 0 0 0 53 785 551 0 982 0 102 197 98 507 44 562 0 405 964 100 0 977 0 0 283 810 861 458 
804 0 0 0 366 812 33 679 741 387 254 207 662 908 570 5 0 0 0 160 932 0 343 77 179 685 941 0 517 292 12 657 734 80 366 860 650 0 740 430 54 0 73 561 652 390 701 514 6 150 0 931 96 0 0 97 610 0 0 939 773 902 0 0 291 413 795 0 641 0 0 628 133 0 991 964 253 674 0 0 0 0 0 999 626 441 37 652 6 370 88 966 132 0 192 379 27 157 626 0 229 970 787 358 0 311 0 811 868 642 0 0 0 410 474 321 85 254 0 480 0 541 160 0 146 0 467 692 165 0 634 730 475 26 768 447 0 750 61 0 11 0 577 0 0 731 0 0 895 898 755 347 743 14 0 649 0 907 709 155 0 
507 0 561 0 706 412 147 845 523 3 0 973 0 543 427 0 0 776 800 566 613 420 159 457 954 760 0 0 495 0 321 473 268 0 315 573 0 905 713 0 0 0 264 727 338 0 172 0 906 768 41 879 0 0 0 193 412 486 0 147 0 0 71 129 252 499 681 881 203 641 0 0 255 722 201 80 317 238 586 443 126 367 0 201 397 741 568 0 6 312 704 126 185 0 92 138 662 0 272 868 264 0 674 0 235 0 234 844 0 778 988 725 836 684 663 0 0 217 104 0 105 372 116 146 0 0 716 0 61 41 33 132 0 518 637 704 493 233 975 0 874 625 503 0 0 353 192 550 629 119 801 204 412 0 509 17 88 0 0 0 0 
709 587 0 651 601 511 0 306 706 884 0 62 747 578 0 422 682 353 852 275 268 0 5 797 615 229 0 444 0 440 0 105 345 0 529 692 854 24 0 9 471 577 619 117 0 639 975 60 513 797 652 974 0 848 0 88 0 715 859 938 118 23 637 761 908 671 460 0 0 0 0 316 700 296 41 0 806 990 761 145 838 6 0 85 613 641 810 0 581 0 211 272 0 832 0 0 0 0 694 595 0 0 575 14 0 741 0 211 385 744 0 0 103 0 947 821 623 383 862 0 0 433 816 0 0 0 888 418 628 898 150 597 881 0 622 0 842 0 684 0 0 0 165 0 0 41 337 347 244 625 605 15 747 326 0 299 807 520 610 0 549 
355 263 0 0 355 408 85 245 898 0 293 536 95 625 266 628 320 713 286 122 341 303 970 0 257 243 912 0 799 5 0 0 951 74 0 949 889 418 0 0 0 907 0 738 170 208 0 21 564 0 309 809 856 209 0 799 892 834 673 0 0 680 527 310 0 55 387 856 613 347 949 839 113 350 618 110 815 908 322 0 161 0 423 175 0 133 515 627 778 0 360 21 259 349 527 38 0 445 316 729 596 0 776 0 68 0 0 233 307 476 0 0 0 9 632 233 77 26 342 37 543 490 122 467 716 888 0 439 328 0 0 20 145 454 309 679 0 911 0 873 500 0 589 0 291 687 661 745 0 0 0 449 821 645 916 65 391 853 211 373 674 
373 0 123 201 651 0 283 3 995 603 404 0 982 793 635 643 0 0 0 665 618 990 0 445 0 764 243 661 57 875 851 815 481 20 267 114 710 586 0 0 478 488 147 674 107 94 0 859 646 465 350 875 793 0 213 399 502 322 282 821 202 300 0 0 0 167 154 310 504 265 225 130 0 369 208 727 662 58 717 24 344 933 467 849 889 0 703 0 744 67 475 0 437 72 197 351 216 82 958 981 743 266 796 0 473 0 931 664 443 662 148 0 763 153 0 358 719 483 71 0 0 0 0 692 0 418 439 0 0 309 101 0 638 94 966 956 781 528 46 0 163 25 981 0 300 674 957 221 142 840 496 467 445 479 0 579 0 35 367 2 0 
0 0 603 605 260 75 644 846 243 134 0 926 805 55 745 664 0 955 0 601 914 0 563 448 0 975 751 353 0 874 0 87 147 225 424 0 0 697 176 0 695 0 726 0 249 610 0 90 605 999 0 833 0 0 550 0 799 756 615 0 0 472 815 0 0 0 0 804 302 203 16 755 406 950 614 0 769 748 636 607 113 710 0 0 988 0 255 711 549 0 222 0 645 0 576 0 0 534 254 0 169 482 0 851 659 533 948 593 0 861 492 0 919 613 638 871 0 0 0 526 284 898 420 165 61 628 328 0 0 224 0 703 410 315 421 363 402 0 980 487 0 182 310 42 726 0 0 305 782 0 238 729 705 945 0 502 439 868 749 997 659 
985 945 208 254 945 0 0 102 918 833 212 491 304 0 0 838 0 0 0 613 271 437 0 842 182 420 0 916 229 805 327 621 911 0 435 133 823 665 763 0 248 214 824 0 0 287 336 0 0 507 0 4 379 0 719 417 0 102 578 821 569 0 237 770 859 237 0 650 0 0 359 430 0 497 46 579 0 838 0 585 849 252 0 139 579 736 516 510 636 935 792 398 607 13 0 0 327 527 699 951 934 519 631 415 408 0 845 0 0 0 97 991 714 579 0 338 0 536 858 0 383 339 0 0 41 898 0 309 224 0 331 0 0 148 255 552 0 783 973 200 0 210 0 413 0 416 0 0 0 271 0 610 53 764 832 285 565 983 466 583 288 
79 0 335 191 496 462 888 327 111 638 351 494 374 648 577 537 0 0 660 376 568 557 0 779 0 0 0 116 228 811 766 420 646 223 0 4 0 182 716 262 66 404 420 0 651 136 820 549 958 702 290 509 0 796 431 149 942 652 314 157 680 523 212 960 956 734 420 881 941 472 702 27 734 851 789 958 216 574 60 718 0 20 973 0 201 0 561 0 541 436 277 82 274 0 728 240 669 0 816 794 0 379 304 267 971 132 399 0 801 0 0 451 0 434 166 897 638 230 852 931 621 839 959 634 33 150 0 101 0 331 0 358 0 548 0 159 752 724 365 0 656 0 399 827 0 242 242 0 439 708 494 0 467 325 810 529 22 819 0 0 765 
766 31 93 834 0 0 0 0 0 175 644 135 0 867 823 157 417 400 369 944 248 884 620 0 628 948 901 886 619 344 986 439 115 494 311 232 281 513 526 0 20 950 647 335 274 755 650 443 0 631 303 845 0 0 377 595 165 410 0 884 0 0 858 9 78 561 578 990 663 0 541 499 0 175 987 622 626 131 739 573 612 701 0 0 0 0 204 658 913 658 389 0 0 643 568 0 776 0 0 385 752 584 0 0 0 0 58 0 594 364 667 162 610 137 396 432 788 551 775 223 0 0 75 730 132 597 20 0 703 0 358 0 943 968 44 562 98 380 920 912 509 648 0 0 467 754 0 789 296 553 857 332 718 995 0 0 990 290 435 0 952 
385 530 286 0 265 835 0 0 0 201 70 934 665 0 176 253 467 551 714 979 63 814 0 36 924 275 0 107 571 53 84 35 0 542 587 0 0 125 0 927 223 614 92 0 42 709 281 54 447 564 332 672 570 86 50 28 849 0 629 766 0 285 591 608 533 984 467 607 0 0 0 0 739 666 594 819 189 268 335 527 402 0 32 978 810 733 0 386 268 521 0 91 493 573 374 36 155 0 951 702 0 385 220 0 76 164 921 566 163 357 510 908 0 885 705 0 784 0 175 873 688 0 127 475 0 881 145 638 410 0 0 943 0 724 778 0 237 243 398 886 603 569 561 0 68 867 321 462 0 0 723 550 161 975 333 51 0 809 816 713 279 
0 757 311 0 245 177 384 296 412 673 248 325 858 124 302 94 0 925 288 921 0 931 949 19 0 684 650 854 0 390 85 0 43 575 378 663 460 286 615 615 283 308 176 546 145 667 0 680 701 119 0 0 78 751 338 820 261 994 893 0 86 255 808 706 222 0 159 801 240 240 888 770 287 847 701 0 925 0 41 0 0 340 0 204 0 102 0 853 0 982 69 509 238 0 0 0 0 0 216 521 0 580 30 117 171 194 684 671 73 348 135 231 285 725 178 832 302 0 370 42 869 806 141 26 518 0 454 94 315 148 548 968 724 0 538 998 0 518 927 2 0 831 973 969 885 0 603 0 0 845 0 257 0 0 755 0 0 388 264 491 377 
0 766 842 0 493 571 0 291 910 102 124 850 47 661 0 901 984 339 0 0 923 371 0 656 0 0 996 846 0 903 242 190 0 222 757 385 308 871 0 257 746 398 241 862 388 103 788 892 125 305 0 0 0 532 827 0 428 0 354 930 967 73 380 774 610 477 912 207 717 0 306 0 421 903 0 430 290 324 0 0 0 35 41 747 399 258 434 327 0 559 42 848 227 511 0 908 464 0 22 843 350 536 789 671 0 674 664 809 708 993 0 0 0 0 772 901 825 837 45 0 385 300 0 768 637 622 309 966 421 255 0 44 778 538 0 559 709 112 428 412 835 693 0 215 46 0 380 973 620 301 99 182 975 487 0 0 87 847 0 0 521 
660 0 405 558 121 0 159 27 59 0 646 716 100 538 0 0 100 44 933 246 204 507 650 816 347 280 389 639 892 502 528 918 107 45 0 539 453 574 0 0 0 739 906 0 938 470 618 760 663 757 0 0 331 0 0 102 0 501 782 635 0 937 717 549 296 211 711 65 416 823 7 0 297 301 714 680 283 108 0 278 773 761 355 213 508 267 1 232 0 601 426 0 677 956 708 885 962 540 0 260 0 102 855 442 228 0 546 558 1 499 613 0 45 390 661 295 0 0 4 423 414 592 0 447 704 0 679 956 363 552 159 562 0 998 559 0 399 959 182 708 564 0 270 786 317 942 329 0 692 498 10 434 530 900 693 310 735 527 647 878 562 
2 421 918 479 295 0 63 0 0 833 75 611 19 640 721 212 372 832 0 0 702 298 1 888 644 261 411 188 704 951 461 761 832 489 656 751 565 0 277 88 0 245 0 427 0 120 80 0 283 0 889 200 106 804 355 0 171 498 112 146 142 157 692 852 730 641 465 565 30 643 827 314 380 715 376 112 0 579 263 214 0 553 0 65 695 548 0 21 0 0 12 297 0 861 217 917 317 299 253 0 0 793 147 220 449 55 0 182 0 718 554 727 0 982 967 567 305 790 12 122 112 992 0 0 493 842 0 781 402 0 752 98 237 0 709 399 0 0 0 989 0 932 0 654 698 649 450 443 411 316 0 0 294 150 0 976 315 518 631 714 54 
0 759 497 0 0 672 683 0 0 361 471 269 26 28 870 718 997 512 376 898 0 874 462 349 253 134 540 756 547 490 457 591 227 524 270 41 962 519 21 0 251 52 0 0 48 852 628 375 516 0 25 498 0 683 748 0 460 0 760 698 827 817 0 515 7 807 0 153 253 844 424 716 328 189 467 0 765 553 0 0 36 241 36 151 491 310 35 0 979 387 364 71 778 0 552 616 340 747 0 583 766 100 0 985 605 0 28 0 0 860 474 416 123 884 0 60 565 0 425 76 888 0 53 750 233 0 911 528 0 783 724 380 243 518 112 959 0 0 0 0 912 0 0 917 729 67 946 513 0 0 0 0 0 0 944 334 0 0 106 0 115 
0 180 399 940 836 859 499 887 706 0 0 528 20 489 429 461 446 52 302 250 843 195 0 317 178 147 296 373 686 892 551 806 100 0 0 681 577 776 0 212 0 872 887 0 0 13 652 238 869 171 0 792 0 0 95 574 124 694 771 185 679 0 772 657 662 0 466 0 69 552 0 520 367 0 422 371 327 156 0 680 352 789 0 44 29 0 2 662 223 120 943 0 0 0 892 0 87 517 138 944 690 179 112 0 622 0 940 578 33 0 810 28 846 40 149 642 0 695 171 525 0 979 785 61 975 684 0 46 980 973 365 920 398 927 428 182 0 0 0 898 733 0 0 0 0 849 15 281 0 0 314 559 118 298 0 571 0 831 666 743 915 
787 543 0 0 685 778 318 981 0 854 0 36 100 120 24 887 829 405 152 166 186 405 248 592 888 520 0 0 538 195 56 771 96 96 532 465 51 0 895 447 0 0 349 0 393 0 971 122 0 666 522 0 763 512 634 0 695 0 0 799 404 415 0 212 0 148 173 619 655 979 561 574 493 700 843 523 0 234 730 633 0 785 201 4 753 0 66 552 0 715 878 47 555 951 397 0 0 340 0 30 766 572 156 807 730 791 651 332 223 0 115 295 358 57 581 0 284 0 0 0 294 705 551 0 0 0 873 0 487 200 0 912 886 2 412 708 989 0 898 0 623 252 617 0 531 351 0 448 0 803 217 435 588 552 587 416 0 642 209 699 0 
719 171 225 462 312 141 534 0 813 536 891 612 867 717 0 444 747 443 712 803 810 90 569 365 27 0 809 829 0 989 0 0 417 638 0 340 17 179 61 0 478 515 0 70 546 980 0 0 886 984 868 296 855 378 3 751 704 222 0 0 119 983 498 0 844 100 801 141 150 0 499 0 659 748 0 0 845 0 0 974 776 2 699 358 607 164 811 0 123 330 671 194 188 219 703 352 0 492 756 728 0 0 766 545 0 259 319 474 622 398 0 68 768 0 630 228 0 365 746 874 0 399 0 11 874 0 500 163 0 0 656 509 603 0 835 564 0 912 733 623 0 987 926 293 0 100 166 737 31 303 0 418 184 654 653 0 47 132 145 874 281 
0 637 0 0 0 163 665 755 327 566 803 0 630 0 514 770 0 470 0 0 532 418 77 792 51 874 414 172 589 735 527 231 403 0 546 982 186 0 0 713 0 179 930 933 0 538 176 61 0 314 603 0 255 278 940 285 451 230 107 639 682 0 0 665 289 944 693 331 0 912 0 0 974 830 658 273 0 707 261 0 0 194 256 0 0 620 92 894 841 568 101 7 591 394 954 0 967 723 182 962 0 125 0 938 902 522 833 304 229 0 660 592 179 0 0 16 415 266 320 298 962 392 982 0 625 0 0 25 182 210 0 648 569 831 693 0 932 0 0 252 987 0 722 247 839 0 249 159 0 900 47 0 375 0 674 0 281 998 919 714 32 
100 348 0 0 0 64 127 862 0 305 0 801 0 2 899 41 614 459 161 677 539 0 285 470 974 926 692 323 584 824 0 0 693 149 659 0 249 26 325 30 403 249 0 0 797 209 0 643 823 837 276 980 635 340 83 184 0 34 42 370 600 600 985 325 14 0 839 579 744 704 0 874 0 458 107 0 680 851 0 307 8 963 0 377 609 121 363 175 190 243 954 874 505 495 0 798 90 0 447 0 0 361 530 154 679 545 306 809 88 576 930 296 608 0 367 0 0 0 0 940 0 852 0 577 503 165 589 981 310 0 399 0 561 973 0 270 0 0 0 617 926 722 0 726 0 404 0 684 0 0 0 476 706 505 490 156 0 699 180 750 458 
522 0 0 0 0 315 486 0 967 4 174 929 0 483 444 320 42 111 88 0 612 49 847 864 212 613 0 0 702 0 411 435 467 225 0 15 0 890 0 929 273 712 840 0 421 0 302 204 399 666 760 0 982 648 433 0 0 0 706 0 513 0 0 307 482 0 0 842 105 608 723 393 28 0 0 141 251 330 414 71 860 158 466 29 20 579 31 889 649 504 917 999 0 933 901 0 721 0 955 162 895 669 436 760 0 778 554 214 403 75 563 366 18 92 154 327 278 838 476 178 212 614 102 0 0 0 0 0 42 413 827 0 0 969 215 786 654 917 0 0 293 247 726 0 237 214 0 91 0 128 248 796 343 62 230 0 342 0 71 540 0 
391 850 622 384 84 152 738 0 293 546 223 634 166 596 291 983 0 111 344 402 681 329 497 0 430 0 817 260 845 547 246 551 363 0 998 487 650 376 833 0 39 0 0 476 0 177 346 684 33 747 774 348 59 366 356 490 400 828 335 202 621 574 0 697 826 232 141 0 0 0 376 934 974 0 135 969 649 0 1 657 0 0 751 877 100 338 878 428 593 546 895 23 339 0 577 853 890 492 931 643 102 678 0 0 521 564 908 479 96 672 815 0 136 169 129 0 636 113 185 591 969 400 197 0 0 0 291 300 726 0 0 467 68 885 46 317 698 729 0 531 0 839 0 237 0 0 126 303 519 804 957 510 959 483 0 513 181 106 55 302 249 
313 86 873 684 0 0 361 284 548 590 183 372 970 421 787 340 60 0 0 835 470 0 375 0 886 307 493 436 667 0 367 332 81 431 559 963 863 919 178 811 89 793 0 498 972 75 357 946 925 618 348 871 0 0 0 105 701 0 118 66 879 0 966 0 0 991 0 0 599 560 487 665 0 0 660 679 239 68 307 0 606 641 933 0 0 295 61 559 155 457 431 160 0 208 312 0 884 0 490 567 0 78 633 631 366 0 293 30 366 169 765 789 731 950 970 0 931 0 649 412 0 80 98 731 353 41 687 674 0 416 242 754 867 0 0 942 649 67 849 351 100 0 404 214 0 0 0 626 252 766 960 600 120 488 887 660 743 254 0 345 689 
65 140 0 937 189 407 585 818 525 552 841 556 70 457 684 665 863 494 939 743 82 186 708 463 906 725 870 0 254 96 0 237 78 0 969 731 867 369 0 580 0 0 0 499 210 334 776 393 0 882 745 164 448 84 95 399 565 0 0 0 768 0 446 353 199 918 0 44 555 435 309 588 0 0 986 0 960 0 0 71 45 0 747 975 152 458 0 763 0 0 638 415 536 444 507 430 494 959 249 0 328 773 98 44 824 970 740 841 917 12 126 199 975 0 453 97 229 499 922 0 762 0 507 0 192 337 661 957 0 0 242 0 321 603 380 329 450 946 15 0 166 249 0 0 126 0 0 828 0 446 478 492 839 626 6 209 492 686 391 0 677 
765 827 359 518 0 623 427 70 190 899 2 631 652 0 823 515 0 922 693 68 25 0 442 0 146 473 613 827 186 952 908 801 248 0 864 686 597 865 373 502 646 985 570 79 0 0 607 185 757 334 706 0 0 753 0 650 52 288 0 32 876 754 0 549 357 921 110 657 149 785 0 0 303 689 378 982 0 784 873 605 489 0 16 572 0 0 0 546 221 351 466 96 892 431 582 0 0 911 292 65 450 0 358 819 972 790 923 558 174 522 612 401 0 309 642 708 803 660 420 299 0 679 44 0 550 347 745 221 305 0 0 789 462 0 973 0 443 513 281 448 737 159 684 91 303 626 828 0 689 0 458 0 300 669 903 311 455 0 301 971 62 
917 0 941 142 443 219 0 485 754 0 0 418 0 153 789 194 917 883 144 0 942 602 0 793 0 368 0 0 805 147 0 0 147 0 761 92 0 339 213 930 0 307 787 259 514 0 579 818 0 970 11 0 0 727 0 0 710 0 0 564 606 385 928 972 398 655 349 293 363 837 711 810 665 630 774 918 135 727 398 356 382 0 604 998 0 773 0 0 0 728 0 946 0 989 28 829 262 471 81 0 0 625 303 508 0 0 636 476 271 0 136 294 274 362 206 0 659 0 230 0 208 960 562 895 629 244 0 142 782 0 439 296 0 0 620 692 411 0 0 0 31 0 0 0 519 252 0 689 0 0 616 965 778 897 130 114 947 783 59 0 0 
607 12 522 49 0 743 349 31 0 0 511 0 574 624 717 0 285 514 0 884 0 805 0 116 0 247 849 346 388 789 295 0 0 0 0 483 0 48 50 197 771 791 627 0 95 0 0 671 0 0 696 161 637 759 734 314 0 596 0 20 903 0 634 822 0 0 806 693 0 274 330 0 310 230 72 0 0 708 616 429 0 0 360 698 542 0 784 48 80 22 690 0 819 418 268 263 0 0 637 417 484 836 345 26 0 0 517 16 825 657 92 929 933 504 803 182 370 221 261 280 812 893 0 898 119 625 0 840 0 271 708 553 0 845 301 498 316 0 0 803 303 900 0 128 804 766 446 0 0 0 196 82 183 609 164 0 910 251 184 315 0 
614 15 98 544 81 0 280 817 903 550 113 70 145 23 0 998 4 437 0 0 498 951 0 556 152 715 203 233 0 685 981 0 988 551 871 461 770 789 380 482 0 104 356 697 0 454 0 949 385 216 889 157 119 0 219 346 73 0 963 488 614 21 426 710 865 868 883 315 118 155 173 0 831 473 550 696 751 528 155 844 0 261 0 829 330 444 807 458 509 0 377 72 888 64 0 667 513 932 962 341 280 0 584 0 0 0 0 91 0 580 750 0 696 0 981 94 0 0 909 0 637 422 405 755 801 605 0 496 238 0 494 857 723 0 99 10 0 0 314 217 0 47 0 248 957 960 478 458 616 196 0 939 807 750 0 143 0 0 0 0 791 
360 0 630 435 0 0 206 931 6 998 705 0 197 0 166 370 727 4 131 562 84 703 0 667 613 994 622 111 0 612 955 487 399 0 415 823 191 993 770 736 0 122 207 53 79 0 207 105 508 525 655 622 659 0 891 0 889 743 0 336 839 527 893 213 842 660 364 690 0 647 870 126 0 694 665 817 806 765 351 975 966 0 658 30 0 0 912 441 333 10 958 0 128 0 607 0 601 227 903 0 103 158 0 0 976 374 589 803 489 981 524 790 274 0 654 349 0 205 86 983 836 948 964 347 204 15 449 467 729 610 0 332 550 257 182 434 0 0 559 435 418 0 476 796 510 600 492 0 965 82 939 0 813 759 397 624 399 430 461 13 838 
914 573 93 697 204 316 90 994 691 880 0 92 663 787 0 0 0 834 893 701 378 0 559 89 378 832 0 0 674 467 0 648 256 597 718 0 406 0 358 0 0 0 328 475 99 216 605 342 569 846 982 865 0 0 352 895 0 679 869 0 797 0 359 403 0 504 0 373 242 557 325 403 0 327 846 79 651 0 0 0 833 602 480 0 629 665 216 233 275 69 188 210 0 38 720 101 195 460 0 404 362 898 0 787 717 414 881 901 180 0 0 613 590 440 429 956 0 0 645 879 0 0 100 743 412 747 821 445 705 53 467 718 161 0 975 530 294 0 118 588 184 375 706 343 959 120 839 300 778 183 807 813 0 486 911 176 0 296 0 0 474 
762 773 530 48 657 894 579 281 906 0 737 737 206 282 901 756 652 0 187 0 750 951 417 0 790 359 677 314 0 341 455 211 0 0 864 989 0 922 937 6 0 240 0 944 187 542 263 411 829 521 0 922 645 0 0 764 158 63 0 0 433 785 0 985 311 613 0 792 581 583 336 0 796 0 458 0 0 462 585 63 110 100 0 846 439 772 0 970 0 0 0 0 407 141 671 0 875 842 225 905 977 415 645 0 0 597 979 29 531 154 802 415 563 364 360 531 856 0 121 873 0 918 0 14 0 326 645 479 945 764 325 995 975 0 487 900 150 0 298 552 654 0 505 62 483 488 626 669 897 609 750 759 486 0 585 518 836 218 482 159 884 
93 0 0 238 0 333 443 522 437 777 259 757 411 420 643 449 625 73 498 0 165 926 0 370 165 3 407 421 255 529 906 544 0 0 174 828 135 326 0 239 131 0 364 452 897 530 0 324 0 0 634 0 955 0 432 245 949 694 0 156 0 890 467 0 909 488 380 131 867 0 261 0 359 852 902 0 589 985 998 0 74 563 373 376 317 0 493 792 48 889 2 658 0 340 492 906 99 799 214 304 0 0 808 89 0 19 429 171 0 347 0 682 0 591 0 334 639 486 3 68 474 533 977 0 509 0 916 0 0 832 810 0 333 755 0 693 0 944 0 587 653 674 490 230 0 887 6 903 130 164 0 397 911 585 0 0 67 436 0 195 652 
312 0 867 692 286 0 0 683 196 185 646 0 247 308 573 56 0 0 302 979 388 231 844 217 319 0 929 0 146 375 78 6 969 243 874 216 0 656 326 672 0 492 97 0 662 732 0 554 70 838 0 0 325 501 0 0 106 863 525 0 898 856 346 865 454 905 867 252 598 923 611 411 234 223 989 958 235 123 651 101 622 27 866 725 981 731 768 130 637 97 971 97 499 78 10 286 491 0 0 0 0 739 0 692 867 185 406 595 587 832 494 843 535 432 674 201 920 830 912 960 0 855 0 649 17 299 65 579 502 285 529 0 51 0 0 310 976 334 571 416 0 0 156 0 513 660 209 311 114 0 143 624 176 518 0 0 112 459 262 311 0 
0 943 0 0 457 974 171 669 986 987 277 0 752 193 576 0 122 594 0 578 710 587 257 214 252 614 469 784 433 125 480 431 69 772 445 0 975 967 0 246 69 191 296 486 502 662 479 0 0 20 724 873 420 0 736 0 618 0 373 0 37 844 840 207 269 142 0 662 268 613 430 358 282 371 0 541 945 0 401 415 529 92 102 94 460 993 838 463 276 445 951 410 65 642 401 370 919 235 284 105 266 26 184 105 557 0 0 170 457 508 145 0 901 773 142 581 0 371 555 0 680 63 0 0 88 807 391 0 439 565 22 990 0 0 87 735 315 0 0 0 47 281 0 342 181 743 492 455 947 910 0 399 0 836 67 112 0 648 0 0 405 
202 0 121 0 533 841 379 57 0 0 784 430 68 917 935 0 370 0 78 0 55 216 45 871 278 0 260 299 951 46 670 754 122 0 462 0 631 595 0 42 617 52 0 278 513 0 148 951 596 0 306 807 562 532 229 705 51 0 718 627 270 53 202 182 650 875 677 90 368 0 604 0 0 192 302 35 736 0 153 98 919 512 192 640 836 353 572 556 884 122 766 478 862 325 14 315 389 368 12 208 628 563 0 0 0 91 695 0 586 0 597 274 127 941 26 394 777 524 979 0 491 575 283 907 0 520 853 35 868 983 819 290 809 388 847 527 518 0 831 642 132 998 699 0 106 254 686 0 783 251 0 430 296 218 436 459 648 0 654 0 897 
889 580 0 527 831 0 113 454 269 0 341 870 188 338 195 290 989 440 0 0 0 297 356 0 524 533 997 770 940 665 281 435 736 611 134 0 0 722 827 0 0 0 982 261 954 523 0 58 0 744 429 95 850 274 0 471 296 0 0 738 563 294 0 766 406 863 686 276 378 595 0 894 959 490 0 832 843 0 0 0 0 380 268 0 949 349 435 123 242 293 350 0 87 0 756 843 624 177 762 798 769 862 344 823 732 782 421 0 239 731 482 381 0 236 618 0 919 0 0 0 480 0 810 709 0 610 211 367 749 466 0 435 816 264 0 647 631 106 666 209 145 919 180 71 55 0 391 301 59 184 0 461 0 482 0 262 0 654 0 849 0 
0 481 417 703 519 556 529 931 220 18 46 364 0 316 554 43 938 476 0 441 783 0 3 676 784 72 852 153 618 0 270 392 371 0 952 937 792 161 403 265 0 793 432 884 478 424 0 0 320 964 491 460 0 0 0 0 170 351 0 500 31 102 865 0 975 40 791 243 992 281 464 594 530 0 252 774 993 0 210 73 0 0 838 0 945 377 882 960 0 0 726 0 0 0 780 536 215 924 333 59 992 343 587 58 572 142 32 165 595 0 0 332 319 851 0 948 690 0 534 0 228 356 861 155 0 0 373 2 997 583 0 0 713 491 0 878 714 0 743 699 874 714 750 540 302 345 0 971 0 315 0 13 0 159 195 311 0 0 849 0 737 
261 254 5 106 213 637 0 0 778 596 0 14 281 604 819 843 2 446 232 511 412 0 273 0 61 828 770 710 43 562 97 0 0 650 0 0 308 517 658 0 0 0 860 669 548 0 0 193 0 983 0 535 648 166 0 604 288 280 242 222 16 61 0 0 21 413 997 0 535 445 340 185 0 179 890 0 218 0 49 930 0 596 0 0 815 771 0 921 81 292 600 0 0 366 0 0 0 0 691 610 938 895 141 0 0 0 0 0 0 221 600 65 358 164 796 171 172 314 447 435 0 94 458 0 0 549 674 0 659 288 765 952 279 377 521 562 54 115 915 0 281 32 458 0 249 689 677 62 0 0 791 838 474 884 652 0 405 897 0 737 0 
