0 865 324 896 304 0 0 382 529 652 55 144 933 0 781 983 303 572 0 715 534 710 983 900 210 0 692 0 625 930 690 355 621 338 940 240 948 718 69 986 999 498 162 400 780 672 0 393 0 568 0 504 151 160 127 0 473 864 378 225 562 465 0 781 0 0 0 965 974 141 373 174 0 768 0 216 95 0 0 736 937 840 0 85 0 797 997 0 364 142 713 296 883 640 607 607 646 337 816 593 221 834 0 927 385 861 318 271 319 0 74 366 622 371 0 211 0 952 609 0 325 96 350 811 0 316 905 662 888 0 113 175 795 299 371 971 410 0 348 282 135 576 901 132 500 818 964 645 727 0 736 0 138 29 0 13 820 83 283 833 0 0 888 546 898 906 0 871 
865 0 804 421 880 680 864 864 766 320 746 87 0 556 886 4 697 882 381 547 781 388 951 65 917 0 665 356 917 781 0 858 565 58 971 0 0 199 532 181 598 345 0 617 510 0 81 0 160 0 0 0 0 254 0 816 489 228 395 0 984 688 910 87 0 422 0 554 85 0 964 739 655 341 0 0 135 900 421 626 0 856 552 322 0 0 821 817 329 0 413 0 469 23 107 157 454 937 883 830 633 523 930 696 0 0 0 830 171 700 857 17 0 0 61 0 0 921 448 817 0 266 669 150 0 0 620 574 341 73 740 0 492 0 762 0 0 958 355 0 326 456 0 782 0 0 622 395 645 300 581 0 592 993 0 59 781 0 677 416 981 514 0 859 515 435 0 268 
324 804 0 686 0 996 0 0 965 377 902 845 558 736 0 241 669 0 238 627 37 0 845 0 595 7 0 551 11 0 512 782 877 0 0 362 15 0 210 297 447 756 351 955 982 954 0 0 473 451 846 760 0 528 839 977 0 0 808 538 281 583 0 269 672 398 0 415 579 0 0 0 0 501 330 701 0 844 74 212 722 0 726 0 0 317 284 0 0 653 188 343 448 981 243 384 970 0 19 0 0 611 0 816 0 785 917 348 430 217 430 661 229 951 61 819 793 0 23 370 356 374 834 671 40 381 931 501 128 620 335 0 242 457 910 311 0 537 0 910 40 0 83 347 0 964 500 146 109 0 164 331 697 802 802 162 670 321 0 214 302 342 782 283 741 936 0 702 
896 421 686 0 349 234 582 96 538 466 536 656 0 930 783 510 874 281 232 786 119 199 833 597 828 834 780 206 280 112 23 38 0 358 685 737 99 902 598 514 714 498 961 315 194 702 892 242 447 847 446 28 630 42 550 570 515 582 732 454 0 911 0 843 900 0 198 14 52 0 889 772 342 725 710 463 822 506 665 209 0 0 190 552 0 0 799 0 0 673 0 0 0 546 542 345 16 139 64 549 74 468 534 832 636 451 998 148 701 703 0 497 273 0 0 470 1 0 783 659 349 491 617 0 0 0 11 0 0 120 106 385 22 0 428 797 0 364 376 0 496 513 943 743 123 0 0 426 0 581 529 0 0 0 138 758 744 656 956 767 0 285 0 0 290 203 888 843 
304 880 0 349 0 169 742 4 560 402 715 788 0 326 476 205 422 938 0 11 42 0 652 722 289 710 14 536 0 0 852 972 421 106 383 362 832 591 158 767 392 703 114 0 0 32 0 828 72 0 0 417 0 680 827 503 0 0 335 0 372 837 259 846 404 765 698 168 444 363 90 0 845 855 214 394 225 0 66 813 180 989 676 748 893 267 0 0 155 58 292 54 565 664 505 0 948 0 280 448 0 16 376 225 763 998 991 347 568 766 629 616 319 188 0 0 302 670 106 0 667 14 0 0 793 216 596 0 0 0 686 330 685 719 449 519 711 0 57 213 405 745 0 971 247 0 754 298 57 354 955 0 805 0 0 0 539 0 720 826 180 612 111 739 0 501 541 620 
0 680 996 234 169 0 37 0 789 345 245 0 150 613 0 0 880 29 853 0 0 19 754 997 0 0 257 424 975 0 529 833 208 0 125 226 107 438 887 0 799 249 43 490 325 946 0 848 439 257 147 440 838 294 964 743 0 364 992 66 104 0 960 425 750 657 758 848 0 980 721 20 542 276 949 60 159 540 614 0 68 860 965 0 744 257 0 248 493 0 0 665 412 367 211 0 100 583 0 264 549 161 242 318 0 428 385 740 464 367 771 80 0 814 133 620 986 0 777 816 298 971 590 376 603 385 170 85 0 376 120 619 842 820 57 921 19 364 32 413 0 9 905 49 309 0 0 592 392 0 184 170 557 454 0 380 53 0 0 839 912 12 771 281 737 0 619 0 
0 864 0 582 742 37 0 474 777 795 773 0 927 554 168 10 0 707 424 890 0 0 868 978 429 722 685 675 637 283 0 801 377 255 331 0 0 223 0 799 429 517 597 250 933 0 0 834 928 147 496 223 773 576 846 847 25 0 376 0 0 0 810 203 786 929 0 0 521 696 253 0 479 0 0 360 7 42 251 970 968 0 579 988 651 0 553 51 194 743 658 261 856 647 0 730 901 556 891 885 295 136 0 0 0 811 290 204 0 396 241 0 890 88 0 0 313 128 882 930 166 106 0 221 0 393 285 0 276 597 749 469 95 477 0 0 0 326 61 282 0 0 0 156 527 260 768 353 52 0 142 931 47 42 855 48 488 987 0 21 260 663 241 0 0 0 508 750 
382 864 0 96 4 0 474 0 0 158 775 722 842 934 369 325 682 963 771 500 612 804 775 915 91 696 0 970 0 0 680 921 996 816 734 0 274 744 0 655 487 141 0 0 316 901 959 0 336 752 0 268 468 258 824 550 0 234 726 152 402 0 423 784 577 725 387 161 658 393 852 701 161 537 905 825 865 594 629 131 0 62 554 841 23 728 581 711 0 541 425 767 3 891 905 57 0 871 686 0 361 237 522 0 759 0 989 590 361 488 229 185 205 589 757 0 372 0 657 0 454 0 0 822 658 672 856 18 219 679 0 324 0 108 706 953 618 564 815 728 0 89 632 0 749 861 636 412 0 191 678 0 3 832 188 0 389 437 507 50 108 659 812 978 815 107 0 381 
529 766 965 538 560 789 777 0 0 6 0 979 801 633 338 917 772 786 779 333 194 585 0 997 0 578 0 0 603 0 0 579 915 0 319 240 333 881 59 0 0 402 90 487 0 620 828 0 764 173 661 0 476 0 877 584 810 125 148 579 0 353 909 89 249 151 752 0 712 685 404 889 55 460 352 0 328 703 459 0 858 0 158 954 0 0 616 96 156 698 607 0 0 568 309 835 706 638 894 0 521 635 556 14 853 258 87 517 755 160 753 795 928 189 0 205 97 84 0 440 0 723 0 0 0 776 0 208 97 865 0 937 92 946 75 496 483 685 56 28 0 48 744 0 347 949 663 711 297 957 0 533 640 0 0 283 0 0 507 456 714 697 0 604 0 152 278 882 
652 320 377 466 402 345 795 158 6 0 929 0 338 752 0 724 70 501 69 0 719 929 455 925 834 0 944 887 554 492 931 799 127 44 270 19 798 234 779 614 0 726 842 862 470 0 0 0 126 0 0 640 195 0 444 165 136 0 151 0 397 286 123 0 0 0 0 317 553 0 474 690 442 0 957 375 0 417 419 546 564 403 15 20 0 0 63 375 750 669 870 687 0 0 776 230 10 0 228 815 58 0 251 0 0 656 877 414 656 0 0 717 579 911 274 343 0 0 502 580 295 162 920 32 0 37 790 0 879 526 924 888 0 547 300 360 0 808 529 183 0 0 997 408 138 580 595 786 0 0 0 473 0 0 391 901 734 521 537 429 784 748 0 773 715 274 381 13 
55 746 902 536 715 245 773 775 0 929 0 395 281 921 608 0 0 0 362 958 523 442 0 0 608 0 194 412 913 968 911 696 0 220 408 0 98 61 785 121 0 0 250 215 963 958 864 785 727 0 71 59 542 401 0 481 0 704 94 543 617 865 450 403 0 0 763 739 453 10 573 717 914 0 466 0 0 191 0 0 0 756 70 451 934 0 379 626 352 140 139 117 761 506 0 588 180 561 0 939 125 0 895 0 916 145 462 0 0 35 567 305 559 627 762 421 779 927 918 388 284 988 942 416 290 0 263 828 571 500 917 983 632 746 332 0 548 0 0 0 0 0 0 620 473 599 0 666 722 315 666 882 404 353 854 209 692 858 142 0 55 642 618 850 955 845 827 0 
144 87 845 656 788 0 0 722 979 0 395 0 0 971 343 0 746 211 0 571 618 628 641 0 965 80 278 726 45 0 319 0 667 520 0 967 0 579 488 541 727 0 433 0 660 0 0 0 0 605 72 510 82 646 0 747 889 785 107 634 930 645 500 0 0 51 962 878 469 0 383 0 0 195 685 0 0 928 491 644 169 0 0 0 436 0 182 787 0 820 246 237 127 914 289 384 258 145 55 0 614 522 78 0 314 863 155 0 439 0 0 0 920 472 624 257 0 0 586 864 0 838 599 217 263 864 897 628 0 73 819 0 75 127 289 0 734 823 191 960 42 547 863 1 372 906 345 180 74 202 883 171 0 717 760 0 488 0 445 963 325 0 49 0 330 728 94 945 
933 0 558 0 0 150 927 842 801 338 281 0 0 452 308 544 480 605 115 948 368 0 858 541 25 851 130 749 0 0 613 264 653 490 647 0 171 10 0 150 717 399 385 878 362 490 905 431 0 37 384 754 810 827 744 0 0 254 0 827 783 113 136 626 0 508 634 818 0 792 676 0 881 570 8 813 940 480 0 522 184 507 233 651 318 284 838 454 0 949 319 868 0 838 251 469 443 0 666 564 857 326 0 802 605 991 910 865 0 0 408 0 0 806 90 500 463 4 961 367 0 736 604 50 82 0 291 272 735 424 561 661 867 886 107 323 622 729 70 603 318 0 168 400 527 788 500 761 689 616 0 251 0 231 128 469 0 864 935 272 0 397 289 919 400 255 262 694 
0 556 736 930 326 613 554 934 633 752 921 971 452 0 71 128 66 828 0 186 544 951 833 678 0 608 0 556 0 260 179 636 484 982 60 663 141 588 968 922 0 657 48 803 0 0 54 122 340 128 0 514 0 242 0 0 0 0 0 0 567 915 766 0 0 621 870 554 0 0 921 566 950 795 0 0 0 938 0 866 0 517 507 225 164 832 904 0 0 886 330 500 81 730 905 0 366 283 266 808 226 243 84 488 632 645 63 26 338 85 3 786 215 0 342 921 596 152 43 0 0 0 618 342 35 0 432 0 259 176 989 27 0 0 0 0 175 328 0 271 684 438 0 353 386 25 0 870 998 24 494 704 72 883 77 78 586 207 579 925 569 0 0 823 0 424 398 336 
781 886 0 783 476 0 168 369 338 0 608 343 308 71 0 154 0 409 0 59 23 0 333 0 153 0 254 281 251 422 5 793 208 533 710 0 399 673 0 362 218 31 567 500 197 435 331 326 643 0 544 759 571 540 830 0 455 62 457 14 227 26 68 805 43 59 0 258 0 887 0 562 0 216 0 724 0 158 0 0 972 355 0 0 901 947 181 775 973 0 336 464 50 858 822 407 36 113 489 771 736 0 0 446 0 0 876 934 416 0 0 290 929 163 728 387 769 367 0 915 266 91 132 0 764 453 0 519 152 269 0 0 132 0 415 96 106 181 0 291 0 365 0 240 0 786 484 580 0 1 189 0 182 127 435 0 312 0 0 580 470 0 0 45 536 218 529 414 
983 4 241 510 205 0 10 325 917 724 0 0 544 128 154 0 223 0 495 938 0 237 593 944 119 469 0 341 0 121 514 0 173 437 745 255 0 0 0 0 0 850 370 440 594 212 829 0 0 875 0 229 667 158 216 498 864 321 926 237 827 64 728 141 0 542 60 0 869 426 0 0 13 0 595 0 546 0 428 721 147 0 77 92 487 0 975 214 42 274 0 857 687 0 0 942 724 0 620 591 427 76 160 921 183 607 430 352 0 400 524 755 312 735 841 406 362 581 0 551 0 515 986 0 976 379 16 791 53 0 0 0 369 230 0 436 801 721 852 0 615 372 810 977 712 0 0 0 0 321 135 269 0 763 495 872 284 427 727 684 104 100 689 0 484 70 0 0 
303 697 669 874 422 880 0 682 772 70 0 746 480 66 0 223 0 433 492 887 76 462 0 950 633 915 891 893 0 131 436 0 0 0 159 118 985 125 334 211 720 445 873 507 664 335 895 790 370 541 0 355 437 184 971 0 982 479 369 817 0 266 757 317 424 354 687 107 684 0 621 331 0 970 518 656 602 0 753 932 547 93 0 0 77 83 903 0 957 400 601 0 0 532 746 0 824 911 476 790 197 199 631 976 820 617 139 605 849 774 0 803 0 0 887 0 229 550 0 0 224 0 544 413 0 353 860 0 450 878 0 242 0 0 613 374 243 496 0 11 967 0 452 421 656 703 373 0 449 741 216 364 575 194 0 713 844 0 990 0 0 0 248 36 0 104 0 260 
572 882 0 281 938 29 707 963 786 501 0 211 605 828 409 0 433 0 0 0 661 194 0 480 720 201 63 0 464 150 0 471 422 0 0 0 891 511 635 0 668 119 0 440 451 48 920 0 0 83 0 551 576 346 0 735 0 438 98 541 275 521 370 179 322 0 401 0 910 981 928 963 655 105 0 787 0 172 0 710 0 920 940 789 891 0 976 307 177 354 117 238 540 42 878 0 2 0 417 502 519 80 207 157 505 194 628 445 0 609 907 0 0 561 0 196 0 784 89 416 0 323 680 0 751 565 149 687 0 805 983 0 0 647 83 0 434 926 748 960 927 0 587 44 868 0 35 358 161 229 927 158 0 792 939 605 501 887 0 108 566 413 0 680 343 433 996 596 
0 381 238 232 0 853 424 771 779 69 362 0 115 0 0 495 492 0 0 222 667 177 188 95 978 314 0 366 750 883 0 947 31 894 260 456 758 129 512 172 0 909 197 506 0 727 943 905 790 0 834 0 87 617 883 0 440 207 0 533 597 0 100 324 848 792 451 0 447 284 0 638 663 648 152 740 831 0 64 931 405 563 0 0 805 563 999 423 0 0 321 207 127 0 126 0 363 0 0 0 554 0 736 203 909 131 128 612 0 456 523 973 960 452 0 598 0 423 169 0 354 716 0 767 986 872 802 0 657 609 415 195 557 542 0 0 72 0 617 617 159 100 226 0 307 621 0 0 626 458 68 363 288 886 248 0 548 862 597 603 975 0 879 461 48 580 701 372 
715 547 627 786 11 0 890 500 333 0 958 571 948 186 59 938 887 0 222 0 0 0 0 32 824 121 291 792 944 677 807 403 0 0 778 350 381 0 251 467 476 310 156 67 791 612 557 475 0 194 341 360 975 832 763 722 0 951 936 0 52 313 310 793 39 859 81 0 0 988 376 512 0 185 124 787 0 360 0 760 951 229 291 289 418 635 303 472 0 116 392 239 0 211 0 331 921 362 0 0 48 243 0 431 0 0 0 951 588 520 200 21 550 133 0 0 570 0 0 0 778 631 360 24 0 865 0 0 0 87 159 895 678 158 0 87 57 151 37 486 611 768 218 207 390 0 789 328 530 135 42 376 0 0 979 0 0 0 981 930 123 967 93 616 0 384 15 0 
534 781 37 119 42 0 0 612 194 719 523 618 368 544 23 0 76 661 667 0 0 870 307 847 495 809 575 568 0 976 878 0 509 648 880 562 201 522 563 194 602 523 634 0 483 800 977 492 896 0 0 0 949 691 691 0 605 849 518 64 554 267 453 249 183 189 761 139 104 764 0 599 194 796 686 0 0 227 11 405 569 542 695 0 809 627 801 864 308 384 0 0 10 0 50 760 387 682 265 0 9 670 636 0 428 658 488 168 0 0 619 506 599 71 452 464 246 442 0 945 0 723 0 489 215 0 0 0 52 714 220 181 411 0 0 651 0 0 273 0 0 332 934 920 155 958 317 515 714 0 747 627 442 981 0 0 304 0 365 644 430 803 480 413 297 0 0 0 
710 388 0 199 0 19 0 804 585 929 442 628 0 951 0 237 462 194 177 0 870 0 0 264 0 0 922 22 608 306 655 0 0 740 523 633 0 0 0 0 835 237 347 885 673 0 247 0 458 0 902 0 432 608 0 0 415 0 759 619 867 0 79 21 0 292 176 847 923 693 90 693 112 667 487 823 480 516 0 281 0 449 0 971 591 101 493 0 267 773 878 991 452 135 958 577 836 894 605 898 186 0 0 736 487 174 222 0 199 160 0 989 819 425 0 633 78 808 29 331 0 262 0 427 441 168 178 0 678 238 900 545 285 0 0 0 397 419 74 191 653 737 994 0 882 0 623 348 80 563 18 481 0 925 1 243 0 415 0 577 702 896 128 0 953 745 694 0 
983 951 845 833 652 754 868 775 0 455 0 641 858 833 333 593 0 0 188 0 307 0 0 537 495 0 790 127 363 423 938 0 0 780 714 273 709 149 650 0 940 0 340 749 939 314 454 925 602 56 0 0 350 722 0 288 188 488 639 0 0 0 848 30 260 871 796 821 672 40 105 0 0 145 994 0 267 803 0 399 805 0 378 0 694 185 197 445 0 552 696 143 481 993 0 0 929 565 360 0 522 887 395 304 772 395 77 656 670 0 0 907 627 853 269 451 221 883 0 566 339 674 0 951 0 62 970 963 29 263 288 548 740 887 146 922 735 104 351 481 665 113 0 560 0 461 0 157 471 473 326 219 26 583 106 255 51 227 82 99 47 0 0 0 755 792 597 380 
900 65 0 597 722 997 978 915 997 925 0 0 541 678 0 944 950 480 95 32 847 264 537 0 24 856 217 134 262 0 202 79 945 0 334 607 0 957 41 0 17 226 0 334 705 823 0 759 0 940 758 806 0 139 67 0 250 0 468 493 153 0 0 0 12 0 0 0 579 882 0 970 436 932 0 207 170 486 0 228 608 889 1 54 541 275 244 856 0 0 278 69 30 369 523 904 517 95 991 652 163 843 0 394 966 521 559 0 414 183 407 377 757 855 173 495 257 327 223 535 111 0 43 391 349 0 0 569 127 346 348 453 439 516 860 77 965 415 831 618 448 843 285 795 909 621 557 771 962 673 0 0 175 0 244 322 0 994 0 0 0 0 836 770 882 0 0 424 
210 917 595 828 289 0 429 91 0 834 608 965 25 0 153 119 633 720 978 824 495 0 495 24 0 0 0 0 472 442 0 887 187 0 579 322 473 111 134 419 870 0 356 948 209 0 125 177 639 40 858 793 0 0 0 0 0 0 318 261 0 704 953 0 780 933 22 549 293 815 0 387 297 0 441 893 100 803 516 22 0 0 0 534 530 0 41 0 0 0 961 181 795 0 611 915 455 671 0 776 338 874 451 826 860 595 156 109 0 317 0 612 160 277 0 276 948 633 173 647 0 669 710 0 206 0 506 0 680 0 435 0 914 244 0 216 784 146 924 516 0 981 0 0 914 314 202 35 447 100 0 26 2 0 457 731 165 390 568 0 976 890 377 0 901 0 741 540 
0 0 7 834 710 0 722 696 578 0 0 80 851 608 0 469 915 201 314 121 809 0 0 856 0 0 0 0 103 0 274 0 0 115 694 969 692 65 6 641 0 602 0 682 0 0 954 10 391 234 312 922 83 0 0 0 0 661 207 0 618 92 955 389 0 534 300 892 0 782 255 0 0 408 833 93 0 877 371 513 0 49 233 153 0 104 0 539 0 0 833 377 442 705 500 0 124 996 785 0 862 177 134 0 0 0 361 45 0 527 599 304 627 0 160 910 0 101 0 136 454 0 0 848 779 414 381 332 79 866 509 17 869 767 947 197 304 284 527 0 0 168 427 528 287 936 127 0 39 347 130 188 263 400 861 247 404 0 0 719 265 929 24 589 0 207 646 810 
692 665 0 780 14 257 685 0 0 944 194 278 130 0 254 0 891 63 0 291 575 922 790 217 0 0 0 0 33 874 329 114 863 76 112 0 77 0 144 411 951 250 122 127 0 633 288 914 0 130 0 972 455 0 486 622 852 207 0 18 0 114 0 0 839 807 0 426 129 551 0 303 265 493 985 333 106 0 198 578 822 0 557 252 891 746 258 442 0 340 693 38 10 589 0 0 3 969 478 381 844 0 883 634 0 447 0 0 0 59 382 0 0 251 987 0 0 74 0 0 686 426 825 236 641 423 821 470 934 613 269 182 426 535 719 0 262 0 828 0 0 0 144 988 0 792 984 638 911 0 70 321 753 794 0 0 407 789 334 0 614 876 0 0 0 959 0 613 
0 356 551 206 536 424 675 970 0 887 412 726 749 556 281 341 893 0 366 792 568 22 127 134 0 0 0 0 0 0 333 863 969 0 0 0 993 0 901 0 849 446 648 50 248 210 0 855 140 362 385 929 893 130 574 916 515 152 713 777 0 50 486 408 889 0 496 699 800 247 0 869 274 0 822 358 0 500 286 655 520 0 790 604 614 160 0 0 398 0 166 343 524 227 68 302 417 865 75 844 97 958 370 553 771 544 393 644 234 184 714 132 587 626 624 521 0 821 148 538 117 720 306 0 998 0 0 418 0 924 312 941 352 977 92 516 441 0 730 0 502 0 763 265 717 365 897 514 572 0 934 361 194 741 530 764 118 509 812 0 916 742 596 0 632 0 234 29 
625 917 11 280 0 975 637 0 603 554 913 45 0 0 251 0 0 464 750 944 0 608 363 262 472 103 33 0 0 528 729 0 561 581 45 504 915 964 0 0 513 339 986 544 0 870 746 0 6 0 636 0 0 883 0 292 0 0 0 0 557 16 0 621 735 279 0 500 0 143 0 0 918 611 429 484 0 685 0 113 56 0 745 0 0 107 0 0 812 0 0 0 179 509 0 829 722 0 132 1 790 0 598 475 297 178 640 890 0 76 369 0 431 297 62 910 854 731 212 815 987 706 967 707 0 419 619 870 0 0 242 0 647 548 951 474 32 561 447 0 781 539 365 0 219 746 920 506 528 59 725 762 933 436 398 330 682 551 362 0 225 664 382 954 8 419 416 281 
930 781 0 112 0 0 283 0 0 492 968 0 0 260 422 121 131 150 883 677 976 306 423 0 442 0 874 0 528 0 540 0 47 0 720 0 146 385 886 0 0 581 293 47 581 724 303 806 297 0 11 979 75 102 892 33 159 278 0 790 0 185 359 26 208 645 954 0 956 108 344 541 0 304 526 361 0 484 122 0 849 843 224 374 79 0 65 0 847 338 276 578 541 0 558 952 144 142 5 76 0 0 617 808 36 904 651 614 518 590 236 405 969 250 0 0 0 256 74 832 291 836 482 349 61 0 0 0 0 207 560 358 946 86 623 440 75 277 249 188 39 0 0 741 941 0 196 278 159 450 916 596 487 0 967 760 113 314 115 972 0 67 0 254 268 658 0 993 
690 0 512 23 852 529 0 680 0 931 911 319 613 179 5 514 436 0 0 807 878 655 938 202 0 274 329 333 729 540 0 541 0 454 0 0 813 0 999 0 426 163 0 689 819 874 463 293 857 432 0 864 958 507 962 528 363 192 465 547 250 0 788 30 751 958 334 151 192 646 883 360 17 265 754 624 0 88 332 897 244 123 910 7 0 976 551 272 420 402 0 545 72 62 457 0 6 0 0 278 0 928 0 466 0 226 0 843 0 161 459 717 149 0 688 860 727 469 518 409 393 0 469 0 847 923 0 0 39 337 319 665 0 0 350 362 750 52 260 900 0 438 738 0 343 574 280 0 729 152 848 926 0 416 715 132 454 948 393 0 0 74 509 226 285 457 0 917 
355 858 782 38 972 833 801 921 579 799 696 0 264 636 793 0 0 471 947 403 0 0 0 79 887 0 114 863 0 0 541 0 0 647 945 293 0 24 81 216 942 0 841 306 815 46 269 132 926 176 595 80 140 431 155 636 743 900 350 874 818 577 539 678 0 341 0 0 814 136 535 0 435 0 0 197 448 0 149 51 0 713 494 639 571 710 781 0 523 397 347 833 0 407 447 0 0 384 745 712 383 773 0 0 689 561 0 684 989 648 413 161 647 187 992 258 646 308 787 849 553 10 43 544 715 0 843 0 57 0 564 670 0 688 53 0 537 0 0 549 956 563 517 368 503 275 0 59 272 12 191 0 782 30 0 0 0 820 631 910 790 0 0 0 67 581 0 1 
621 565 877 0 421 208 377 996 915 127 0 667 653 484 208 173 0 422 31 0 509 0 0 945 187 0 863 969 561 47 0 0 0 0 0 181 0 54 917 0 8 856 707 875 0 425 75 72 184 826 832 6 531 822 570 0 202 663 912 299 490 978 682 888 537 847 0 549 336 694 381 60 705 796 0 954 365 337 240 137 495 122 223 983 666 350 277 0 295 0 435 898 502 0 0 0 245 873 269 0 346 753 0 981 840 0 88 938 0 219 497 461 293 31 0 445 482 39 0 793 342 360 816 638 702 0 285 664 315 0 384 530 0 0 25 0 228 716 499 679 308 0 186 431 22 871 337 0 900 184 214 0 512 549 325 0 845 621 0 139 929 198 711 0 699 395 988 168 
338 58 0 358 106 0 255 816 0 44 220 520 490 982 533 437 0 0 894 0 648 740 780 0 0 115 76 0 581 0 454 647 0 0 0 426 0 685 402 779 0 17 974 936 431 675 567 281 326 0 594 470 93 931 499 807 32 883 0 579 258 197 892 0 363 0 647 583 977 0 0 452 0 315 0 544 825 693 0 121 0 0 0 457 0 938 70 851 748 0 433 0 902 24 500 0 0 668 674 499 98 406 881 754 133 284 503 323 693 581 919 0 788 883 0 407 123 666 0 0 0 0 576 0 0 591 0 505 0 222 0 0 982 115 0 626 0 131 0 905 887 456 715 773 0 426 774 691 0 0 0 430 30 458 206 972 677 403 423 334 0 0 0 0 797 8 917 124 
940 971 0 685 383 125 331 734 319 270 408 0 647 60 710 745 159 0 260 778 880 523 714 334 579 694 112 0 45 720 0 945 0 0 0 460 504 926 989 351 580 880 463 152 188 728 366 887 589 78 0 906 164 525 128 150 0 0 629 65 699 375 0 0 539 336 56 0 0 813 293 665 222 419 264 0 540 249 0 0 525 753 0 292 879 662 0 962 981 0 0 679 831 831 573 312 0 27 679 211 350 973 86 0 109 528 908 263 311 73 0 636 263 492 423 215 430 188 49 187 0 689 4 30 493 79 758 497 622 935 891 97 749 873 367 676 259 853 729 382 0 0 0 0 0 441 78 148 0 67 174 0 477 0 993 345 739 148 0 924 525 361 471 275 317 866 292 0 
240 0 362 737 362 226 0 0 240 19 0 967 0 663 0 255 118 0 456 350 562 633 273 607 322 969 0 0 504 0 0 293 181 426 460 0 430 0 0 888 572 929 0 0 149 623 0 29 0 528 736 890 623 825 0 891 710 821 955 148 515 802 590 63 912 0 577 763 218 0 849 938 32 0 163 923 994 162 35 812 0 0 553 175 98 746 383 635 163 392 0 271 568 676 636 347 132 338 551 378 232 0 727 810 0 920 166 38 77 917 534 0 546 677 113 0 561 894 837 493 299 676 198 702 465 509 392 701 83 816 650 364 926 0 98 0 304 79 0 245 789 70 277 0 358 238 0 0 260 229 444 0 703 495 0 123 562 557 14 659 256 286 0 0 36 548 0 93 
948 0 15 99 832 107 0 274 333 798 98 0 171 141 399 0 985 891 758 381 201 0 709 0 473 692 77 993 915 146 813 0 0 0 504 430 0 649 0 311 0 461 0 421 453 743 650 960 696 457 275 0 444 307 0 914 709 471 504 356 0 172 402 0 787 598 580 0 0 541 367 0 630 0 606 311 566 0 934 0 970 501 0 691 595 157 240 280 641 254 0 433 800 552 993 372 620 0 112 631 0 286 318 433 216 374 0 0 0 348 610 225 885 339 0 892 474 751 660 879 0 27 0 392 56 543 0 0 0 503 444 779 0 621 729 794 629 0 0 0 426 0 636 634 0 492 0 194 0 509 524 657 0 0 0 523 727 946 426 373 977 558 704 0 0 494 424 0 
718 199 0 902 591 438 223 744 881 234 61 579 10 588 673 0 125 511 129 0 522 0 149 957 111 65 0 0 964 385 0 24 54 685 926 0 649 0 386 78 693 0 604 959 0 0 150 0 4 826 970 948 302 0 0 100 662 0 442 409 501 0 0 573 34 536 459 380 0 669 0 160 726 575 661 523 103 20 194 0 17 0 319 912 123 15 778 0 0 192 930 658 716 970 794 0 473 144 0 361 793 824 866 332 0 777 528 950 855 180 792 938 116 0 369 343 0 0 14 978 186 0 804 766 0 72 209 24 325 323 215 402 310 179 718 469 219 246 338 969 461 196 353 195 0 881 256 861 588 0 756 0 732 114 790 0 887 792 244 566 476 73 167 94 867 0 937 0 
69 532 210 598 158 887 0 0 59 779 785 488 0 968 0 0 334 635 512 251 563 0 650 41 134 6 144 901 0 886 999 81 917 402 989 0 0 386 0 485 506 297 425 801 752 623 577 211 313 212 528 0 0 67 0 172 0 151 99 358 563 519 283 0 485 0 933 980 0 550 695 0 0 373 874 901 542 60 78 0 0 612 530 0 899 604 172 556 315 159 0 200 45 731 293 633 0 830 517 0 946 407 462 93 313 554 377 163 694 185 0 0 230 23 835 64 585 0 95 311 0 132 331 405 138 0 3 22 826 0 866 743 490 495 841 0 595 750 964 491 408 167 394 443 928 47 433 650 0 0 0 0 655 458 77 0 0 780 682 769 257 388 123 782 95 219 0 0 
986 181 297 514 767 0 799 655 0 614 121 541 150 922 362 0 211 0 172 467 194 0 0 0 419 641 411 0 0 0 0 216 0 779 351 888 311 78 485 0 124 90 924 800 712 470 0 212 171 0 972 424 471 385 716 456 0 0 0 869 935 389 657 653 12 0 52 872 910 0 856 89 0 112 379 295 608 64 0 808 485 488 109 0 258 364 540 681 293 41 0 42 553 106 116 924 464 0 265 0 829 0 0 659 0 0 0 201 916 576 811 63 0 193 116 0 373 635 0 671 0 0 0 111 305 561 497 0 0 225 0 585 0 0 62 871 505 376 468 95 798 415 0 131 435 198 295 292 776 0 58 894 779 229 318 0 895 663 674 84 616 751 3 254 235 727 0 0 
999 598 447 714 392 799 429 487 0 0 0 727 717 0 218 0 720 668 0 476 602 835 940 17 870 0 951 849 513 0 426 942 8 0 580 572 0 693 506 124 0 910 0 138 599 0 76 429 339 400 0 0 820 876 315 435 112 961 0 0 625 242 921 0 415 37 10 115 83 0 465 66 248 545 0 466 512 385 595 727 825 0 499 0 0 429 545 587 245 492 545 913 30 0 0 72 833 246 0 200 100 552 704 0 250 847 144 682 862 0 0 736 71 203 609 60 0 0 338 0 866 0 827 502 41 65 0 0 456 851 599 439 736 0 122 259 107 0 370 0 757 508 827 726 249 952 454 222 0 0 14 0 0 677 0 343 701 233 67 237 399 696 815 608 624 0 739 818 
498 345 756 498 703 249 517 141 402 726 0 0 399 657 31 850 445 119 909 310 523 237 0 226 0 602 250 446 339 581 163 0 856 17 880 929 461 0 297 90 910 0 247 0 0 0 573 655 703 782 0 278 690 726 0 0 213 277 478 348 493 837 627 376 719 603 0 0 604 0 572 305 140 174 309 501 0 90 346 573 0 71 670 599 848 15 16 769 201 917 218 785 673 0 0 835 563 35 15 80 349 459 942 854 0 299 809 149 333 117 724 71 529 275 832 0 783 719 0 0 243 0 705 846 128 0 694 113 781 32 266 250 953 0 582 146 919 432 48 0 317 0 0 976 241 660 634 0 223 381 819 111 772 312 133 423 919 695 101 553 273 985 605 385 17 376 120 884 
162 0 351 961 114 43 597 0 90 842 250 433 385 48 567 370 873 0 197 156 634 347 340 0 356 0 122 648 986 293 0 841 707 974 463 0 0 604 425 924 0 247 0 380 720 0 273 598 840 209 853 926 727 0 132 691 135 0 413 565 0 389 392 870 751 108 693 702 50 822 279 792 523 0 861 219 0 979 0 398 709 134 699 475 0 461 394 0 725 973 913 700 15 0 161 21 430 656 697 652 0 208 921 604 50 828 467 786 65 280 172 417 136 0 112 468 676 133 754 0 145 708 633 0 294 0 0 239 527 367 53 70 0 596 218 789 134 642 742 506 12 206 0 0 347 702 94 204 81 127 351 178 883 56 346 0 128 708 805 239 0 529 380 647 0 986 692 884 
400 617 955 315 0 490 250 0 487 862 215 0 878 803 500 440 507 440 506 67 0 885 749 334 948 682 127 50 544 47 689 306 875 936 152 0 421 959 801 800 138 0 380 0 924 519 0 0 558 50 936 78 451 550 87 709 420 434 0 0 58 0 743 676 40 748 0 799 169 0 805 786 314 642 611 74 599 9 0 0 797 706 679 415 240 271 561 415 189 254 455 349 0 820 227 246 845 571 835 38 257 192 573 273 659 175 182 643 386 880 963 937 125 0 433 606 798 0 0 0 809 109 724 445 0 354 316 239 885 0 299 366 492 693 259 939 726 482 937 386 419 439 10 0 498 0 0 528 988 0 884 563 769 314 0 633 278 0 545 488 0 186 559 0 0 0 545 243 
780 510 982 194 0 325 933 316 0 470 963 660 362 0 197 594 664 451 0 791 483 673 939 705 209 0 0 248 0 581 819 815 0 431 188 149 453 0 752 712 599 0 720 924 0 0 35 561 758 308 0 514 198 921 673 0 58 166 464 525 0 379 610 463 147 196 418 12 453 52 0 0 0 0 496 566 73 367 584 797 42 616 0 838 0 948 567 480 517 758 220 407 397 44 240 897 21 360 0 0 733 22 0 772 766 0 886 184 461 25 796 656 527 437 0 0 24 795 935 836 0 367 573 0 443 0 50 984 0 515 185 512 728 39 0 861 0 0 0 623 78 397 206 604 0 0 984 71 20 0 0 987 525 465 956 941 0 103 723 41 715 783 0 0 308 933 752 871 
672 0 954 702 32 946 0 901 620 0 958 0 490 0 435 212 335 48 727 612 800 0 314 823 0 0 633 210 870 724 874 46 425 675 728 623 743 0 623 470 0 0 0 519 0 0 590 632 663 542 0 694 861 395 386 338 67 263 148 0 809 970 43 159 927 0 0 480 220 653 583 0 0 261 228 950 591 671 155 508 624 536 0 184 969 882 0 707 334 20 416 305 824 494 896 0 626 82 0 183 95 202 672 30 612 570 0 242 184 841 0 53 373 0 666 777 833 363 248 0 0 593 517 0 5 463 117 402 941 353 0 106 0 559 625 0 467 712 0 602 902 726 195 0 102 146 814 0 0 366 845 850 412 665 794 453 0 852 802 0 613 694 0 179 748 65 96 12 
0 81 0 892 0 0 0 959 828 0 864 0 905 54 331 829 895 920 943 557 977 247 454 0 125 954 288 0 746 303 463 269 75 567 366 0 650 150 577 0 76 573 273 0 35 590 0 146 328 0 206 33 389 632 0 773 492 305 295 337 796 832 217 212 91 40 0 668 632 776 98 271 395 367 0 0 0 346 0 160 53 0 921 197 663 770 0 588 938 0 563 41 0 399 778 658 782 601 0 922 0 188 559 38 432 889 0 886 426 768 0 911 208 264 167 0 888 914 11 774 934 312 0 0 598 688 0 178 842 963 676 937 753 532 55 610 0 743 658 521 976 665 76 955 993 0 0 0 0 274 0 891 582 0 0 36 0 973 234 185 0 0 0 0 247 0 456 144 
393 0 0 242 828 848 834 0 0 0 785 0 431 122 326 0 790 0 905 475 492 0 925 759 177 10 914 855 0 806 293 132 72 281 887 29 960 0 211 212 429 655 598 0 561 632 146 0 0 393 464 707 0 715 90 52 651 613 834 0 307 342 923 824 739 590 873 626 0 930 832 921 918 202 191 875 0 98 0 607 880 818 747 0 5 0 746 0 811 129 0 0 904 163 819 887 0 0 168 496 619 137 0 374 0 0 0 130 642 913 136 255 0 0 800 249 714 596 901 968 263 0 215 333 106 174 0 502 0 0 0 255 615 81 135 0 534 404 0 679 557 0 425 488 531 0 478 77 880 51 602 689 330 501 651 0 24 698 968 0 56 0 974 0 212 378 710 0 
0 160 473 447 72 439 928 336 764 126 727 0 0 340 643 0 370 0 790 0 896 458 602 0 639 391 0 140 6 297 857 926 184 326 589 0 696 4 313 171 339 703 840 558 758 663 328 0 0 0 0 474 6 623 459 482 844 0 944 326 758 0 0 0 0 0 0 811 739 894 0 332 67 994 598 0 377 650 0 16 896 237 845 172 0 966 372 0 238 37 840 361 109 817 0 737 632 980 552 723 0 486 277 0 205 781 70 825 601 0 910 540 363 0 56 4 0 0 0 53 391 714 246 0 237 867 398 0 0 433 0 253 631 953 0 0 752 173 0 849 733 956 280 563 408 360 20 264 914 472 0 452 407 309 553 834 431 168 232 857 0 855 146 0 851 898 594 710 
568 0 451 847 0 257 147 752 173 0 0 605 37 128 0 875 541 83 0 194 0 0 56 940 40 234 130 362 0 0 432 176 826 0 78 528 457 826 212 0 400 782 209 50 308 542 0 393 0 0 402 44 228 3 723 779 963 989 660 0 0 916 548 366 710 333 567 573 620 0 220 48 0 583 0 133 185 277 755 115 838 168 740 34 41 0 0 327 823 664 639 0 667 467 155 0 700 884 987 30 235 344 349 384 286 754 727 862 685 792 973 0 748 689 468 0 0 886 0 662 136 497 0 0 0 933 0 0 0 496 134 139 0 712 490 729 0 61 638 303 487 0 223 0 878 0 0 0 735 280 882 587 23 284 0 886 31 115 0 0 726 222 0 0 222 469 0 337 
0 0 846 446 0 147 496 0 661 0 71 72 384 0 544 0 0 0 834 341 0 902 0 758 858 312 0 385 636 11 0 595 832 594 0 736 275 970 528 972 0 0 853 936 0 0 206 464 0 402 0 230 651 373 40 80 0 948 309 846 288 778 34 127 601 873 646 904 265 0 632 250 315 886 124 744 776 794 748 93 0 730 668 567 16 711 407 794 920 735 0 554 591 0 632 0 882 0 209 806 58 836 496 0 985 555 675 657 0 12 834 578 0 770 0 933 421 245 864 0 690 804 197 133 0 73 289 3 0 364 610 934 730 0 120 121 854 446 0 0 458 498 181 676 772 453 638 0 264 930 379 575 0 315 6 554 503 248 0 370 577 0 0 0 427 941 977 67 
504 0 760 28 417 440 223 268 0 640 59 510 754 514 759 229 355 551 0 360 0 0 0 806 793 922 972 929 0 979 864 80 6 470 906 890 0 948 0 424 0 278 926 78 514 694 33 707 474 44 230 0 0 855 447 906 643 0 305 355 0 0 320 738 1 452 672 765 0 711 612 900 148 111 510 0 449 0 0 0 506 0 343 772 0 195 786 0 0 329 0 0 36 153 506 0 151 509 0 417 880 583 0 43 439 0 194 0 0 470 813 850 0 0 19 623 642 0 465 257 312 0 544 893 454 0 594 859 809 0 260 912 0 558 0 194 855 691 247 845 0 120 493 996 62 0 63 867 784 779 883 0 187 310 315 119 32 255 41 433 0 271 0 892 0 0 0 279 
151 0 0 630 0 838 773 468 476 195 542 82 810 0 571 667 437 576 87 975 949 432 350 0 0 83 455 893 0 75 958 140 531 93 164 623 444 302 0 471 820 690 727 451 198 861 389 0 6 228 651 0 0 907 241 916 0 162 389 332 0 302 725 0 0 904 786 0 132 0 567 235 0 480 0 478 703 862 855 164 417 0 0 403 36 146 603 164 390 0 942 0 242 246 87 316 47 45 461 991 826 678 256 672 733 0 85 0 927 850 898 513 0 319 176 469 107 793 596 72 0 0 0 797 0 410 814 0 0 0 275 889 0 557 0 694 890 12 637 0 825 347 645 830 941 202 0 0 0 670 0 579 44 894 376 0 0 362 987 0 211 0 774 0 0 975 0 146 
160 254 528 42 680 294 576 258 0 0 401 646 827 242 540 158 184 346 617 832 691 608 722 139 0 0 0 130 883 102 507 431 822 931 525 825 307 0 67 385 876 726 0 550 921 395 632 715 623 3 373 855 907 0 241 454 292 0 969 797 35 842 662 0 145 906 174 0 0 352 706 676 0 914 141 735 462 781 594 272 0 645 631 593 522 240 650 972 0 789 937 463 0 719 774 411 531 0 229 601 141 997 623 963 42 0 39 611 684 660 547 367 775 0 953 231 144 398 655 307 0 0 214 201 0 157 495 0 0 0 413 0 0 0 0 46 0 396 52 571 626 660 770 571 514 69 174 656 0 276 544 222 916 830 152 211 619 0 372 184 373 0 316 867 0 342 49 833 
127 0 839 550 827 964 846 824 877 444 0 0 744 0 830 216 971 0 883 763 691 0 0 67 0 0 486 574 0 892 962 155 570 499 128 0 0 0 0 716 315 0 132 87 673 386 0 90 459 723 40 447 241 241 0 522 0 485 685 252 0 452 16 482 166 0 248 876 958 0 149 247 517 0 748 0 79 566 857 143 478 170 60 187 0 466 929 835 53 770 629 493 910 0 0 66 0 331 258 0 555 823 767 808 910 246 0 182 920 481 638 0 482 0 0 75 854 0 99 195 204 776 721 970 6 81 845 858 195 261 815 629 569 998 0 41 147 926 553 798 437 0 329 739 48 121 497 349 0 965 275 940 0 144 498 376 0 946 556 56 456 879 766 633 652 707 984 0 
0 816 977 570 503 743 847 550 584 165 481 747 0 0 0 498 0 735 0 722 0 0 288 0 0 0 622 916 292 33 528 636 0 807 150 891 914 100 172 456 435 0 691 709 0 338 773 52 482 779 80 906 916 454 522 0 758 836 168 0 972 611 462 944 598 211 0 543 742 569 291 582 225 167 759 531 458 368 295 802 833 271 0 0 0 905 960 0 53 831 0 425 993 25 134 960 54 0 0 429 607 331 0 0 0 887 645 367 374 139 0 0 659 533 934 136 0 484 962 0 312 370 924 182 926 963 147 0 0 435 777 252 113 800 0 780 48 0 623 300 402 520 154 899 554 550 972 470 592 477 815 258 68 691 222 910 988 240 0 419 0 273 959 14 130 625 66 0 
473 489 0 515 0 0 25 0 810 136 0 889 0 0 455 864 982 0 440 0 605 415 188 250 0 0 852 515 0 159 363 743 202 32 0 710 709 662 0 0 112 213 135 420 58 67 492 651 844 963 0 643 0 292 0 758 0 5 0 0 0 613 445 636 950 330 769 920 0 2 0 0 876 160 135 709 959 0 0 0 939 0 0 234 223 0 823 814 247 484 508 747 241 872 0 896 717 138 508 983 764 760 730 292 150 526 0 804 458 68 190 968 0 322 661 0 333 297 710 0 263 0 102 504 267 316 0 985 963 111 145 0 234 421 296 246 27 70 316 606 348 0 661 552 29 233 684 170 0 881 75 922 273 982 0 789 971 879 460 459 918 301 963 720 865 0 0 0 
864 228 0 582 0 364 0 234 125 0 704 785 254 0 62 321 479 438 207 951 849 0 488 0 0 661 207 152 0 278 192 900 663 883 0 821 471 0 151 0 961 277 0 434 166 263 305 613 0 989 948 0 162 0 485 836 5 0 0 0 350 796 807 30 214 0 618 73 546 0 662 983 989 0 454 378 238 43 469 391 730 509 90 580 175 0 510 0 0 0 0 0 453 752 768 0 301 0 720 218 119 448 205 252 906 855 187 984 273 229 0 77 0 599 14 157 71 467 484 427 27 0 719 459 507 28 0 501 0 811 0 0 438 701 0 152 971 705 0 394 309 340 895 0 0 998 879 897 984 482 247 10 619 450 0 782 520 577 547 647 0 193 182 153 19 722 654 739 
378 395 808 732 335 992 376 726 148 151 94 107 0 0 457 926 369 98 0 936 518 759 639 468 318 207 0 713 0 0 465 350 912 0 629 955 504 442 99 0 0 478 413 0 464 148 295 834 944 660 309 305 389 969 685 168 0 0 0 852 854 556 605 941 123 535 196 915 0 0 0 678 0 712 10 486 117 0 348 0 229 103 0 116 739 234 760 780 581 336 199 731 117 587 95 841 65 827 534 343 0 897 311 277 896 637 549 871 257 266 0 613 0 15 90 36 626 114 313 0 0 428 549 855 732 329 47 0 0 0 210 723 500 898 0 428 284 0 717 237 0 799 0 0 464 861 221 0 705 321 710 382 0 625 0 505 0 0 967 495 0 0 704 590 150 21 206 370 
225 0 538 454 0 66 0 152 579 0 543 634 827 0 14 237 817 541 533 0 64 619 0 493 261 0 18 777 0 790 547 874 299 579 65 148 356 409 358 869 0 348 565 0 525 0 337 0 326 0 846 355 332 797 252 0 0 0 852 0 408 0 145 886 250 0 147 454 91 416 363 805 914 848 506 143 630 0 799 0 0 696 3 445 654 0 399 338 446 0 631 599 799 374 784 718 0 0 721 534 763 563 658 62 0 198 712 381 420 466 311 969 199 169 385 377 0 920 782 0 0 745 841 0 541 498 454 60 374 0 707 117 0 280 62 467 975 572 0 673 595 749 435 0 54 0 227 524 82 0 0 963 0 437 668 683 412 555 884 68 0 733 0 893 629 624 93 0 
562 984 281 0 372 104 0 402 0 397 617 930 783 567 227 827 0 275 597 52 554 867 0 153 0 618 0 0 557 0 250 818 490 258 699 515 0 501 563 935 625 493 0 58 0 809 796 307 758 0 288 0 0 35 0 972 0 350 854 408 0 767 933 848 192 596 60 0 493 737 785 0 7 2 251 165 0 992 0 361 631 204 0 514 75 875 677 810 92 424 457 799 0 257 51 0 165 581 0 398 167 645 161 0 849 621 942 0 203 0 952 0 0 0 0 86 283 985 0 670 111 0 455 581 485 633 49 447 13 0 962 349 78 568 0 32 568 773 546 0 0 417 0 268 0 940 626 824 0 0 301 139 335 268 497 312 0 499 0 506 387 0 849 0 684 714 0 0 
465 688 583 911 837 0 0 0 353 286 865 645 113 915 26 64 266 521 0 313 267 0 0 0 704 92 114 50 16 185 0 577 978 197 375 802 172 0 519 389 242 837 389 0 379 970 832 342 0 916 778 0 302 842 452 611 613 796 556 0 767 0 0 351 398 704 0 359 164 0 64 66 972 0 86 904 962 345 843 802 0 274 0 9 0 487 657 371 857 0 484 145 629 967 574 765 464 263 813 534 0 755 397 438 507 618 700 538 700 411 751 453 934 507 136 0 0 964 0 640 0 388 745 0 419 790 600 859 299 0 335 0 307 779 162 0 0 499 56 0 0 369 80 934 513 833 867 94 7 572 0 423 857 77 553 0 583 847 468 105 337 15 427 18 891 0 952 0 
0 910 0 0 259 960 810 423 909 123 450 500 136 766 68 728 757 370 100 310 453 79 848 0 953 955 0 486 0 359 788 539 682 892 0 590 402 0 283 657 921 627 392 743 610 43 217 923 0 548 34 320 725 662 16 462 445 807 605 145 933 0 0 0 632 621 0 324 119 246 789 140 494 59 591 0 550 247 899 0 45 697 948 757 0 0 58 18 138 965 656 881 92 480 91 828 504 217 268 0 604 0 246 135 0 0 101 995 639 807 601 721 0 665 0 295 675 0 86 137 0 368 59 681 0 481 31 163 96 713 0 464 754 92 332 656 84 0 906 0 269 494 933 496 0 466 142 640 0 118 418 0 609 0 0 869 0 412 300 243 17 613 0 937 609 739 685 115 
781 87 269 843 846 425 203 784 89 0 403 0 626 0 805 141 317 179 324 793 249 21 30 0 0 389 0 408 621 26 30 678 888 0 0 63 0 573 0 653 0 376 870 676 463 159 212 824 0 366 127 738 0 0 482 944 636 30 941 886 848 351 0 0 381 963 287 675 743 204 376 0 394 0 0 110 716 4 702 709 0 0 458 0 9 105 274 962 122 529 0 328 393 693 0 674 407 336 769 0 674 319 576 323 0 716 634 867 0 0 27 601 663 296 608 152 881 790 939 968 854 509 0 0 766 618 664 227 5 649 0 0 528 560 651 651 335 0 91 214 0 0 0 969 0 0 955 928 0 122 231 250 999 153 687 393 372 750 934 890 235 0 499 0 962 0 382 427 
0 0 672 900 404 750 786 577 249 0 0 0 0 0 43 0 424 322 848 39 183 0 260 12 780 0 839 889 735 208 751 0 537 363 539 912 787 34 485 12 415 719 751 40 147 927 91 739 0 710 601 1 0 145 166 598 950 214 123 250 192 398 632 381 0 316 0 737 258 819 289 0 0 882 383 955 761 0 0 0 249 599 995 135 943 0 439 597 191 79 118 543 736 852 0 369 55 598 963 437 311 0 0 655 640 33 0 581 0 725 322 134 0 0 269 0 235 187 135 637 81 629 286 0 0 548 0 0 470 0 443 577 192 617 163 166 777 106 455 0 186 422 102 0 910 988 379 322 412 189 143 902 0 352 498 807 987 191 642 504 410 586 975 0 0 836 846 593 
0 422 398 0 765 657 929 725 151 0 0 51 508 621 59 542 354 0 792 859 189 292 871 0 933 534 807 0 279 645 958 341 847 0 336 0 598 536 0 0 37 603 108 748 196 0 40 590 0 333 873 452 904 906 0 211 330 0 535 0 596 704 621 963 316 0 750 567 12 0 554 693 800 763 38 292 320 0 0 24 125 959 375 0 155 299 0 0 470 276 668 769 0 403 49 0 805 41 0 0 0 630 0 0 0 0 600 529 992 289 410 263 0 112 805 198 176 467 0 0 156 644 0 674 0 377 538 0 253 302 122 526 0 469 677 663 306 719 904 0 951 0 916 0 89 851 637 159 351 758 859 0 459 102 439 496 469 520 148 698 41 0 0 648 178 762 843 351 
0 0 0 198 698 758 0 387 752 0 763 962 634 870 0 60 687 401 451 81 761 176 796 0 22 300 0 496 0 954 334 0 0 647 56 577 580 459 933 52 10 0 693 0 418 0 0 873 0 567 646 672 786 174 248 0 769 618 196 147 60 0 0 287 0 750 0 508 785 210 393 0 0 145 332 792 710 379 651 0 495 263 445 0 678 0 26 737 778 36 713 803 0 0 0 465 0 0 954 0 820 132 593 374 185 57 0 0 492 555 284 646 800 114 498 193 653 709 48 700 863 830 242 385 422 40 46 304 0 0 122 0 862 0 0 549 817 826 232 43 744 0 368 672 0 0 231 403 29 0 886 276 647 83 233 579 937 460 51 833 569 351 675 906 227 366 850 216 
965 554 415 14 168 848 0 161 0 317 739 878 818 554 258 0 107 0 0 0 139 847 821 0 549 892 426 699 500 0 151 0 549 583 0 763 0 380 980 872 115 0 702 799 12 480 668 626 811 573 904 765 0 0 876 543 920 73 915 454 0 359 324 675 737 567 508 0 613 450 0 865 776 294 998 0 0 417 962 0 0 943 320 0 0 307 183 793 0 0 883 260 792 467 0 362 154 593 0 203 606 0 127 114 125 306 101 399 0 412 379 806 733 441 842 624 371 343 771 0 621 624 782 167 0 0 477 641 964 428 824 654 327 588 62 450 527 26 0 0 67 312 669 496 0 715 486 0 911 228 304 203 221 159 904 848 0 271 632 70 0 440 146 512 621 610 677 133 
974 85 579 52 444 0 521 658 712 553 453 469 0 0 0 869 684 910 447 0 104 923 672 579 293 0 129 800 0 956 192 814 336 977 0 218 0 0 0 910 83 604 50 169 453 220 632 0 739 620 265 0 132 0 958 742 0 546 0 91 493 164 119 743 258 12 785 613 0 214 69 46 0 262 168 885 0 0 91 402 0 848 428 0 0 413 550 693 0 909 698 514 648 0 166 134 686 260 891 345 0 0 708 0 584 0 906 767 389 579 668 820 719 0 0 284 808 822 0 886 427 154 606 0 987 0 793 914 832 960 0 422 292 849 0 85 850 997 0 493 853 523 472 831 354 876 503 288 0 183 123 55 34 844 445 2 652 0 0 554 341 0 958 798 0 0 0 503 
141 0 0 0 363 980 696 393 685 0 10 0 792 0 887 426 0 981 284 988 764 693 40 882 815 782 551 247 143 108 646 136 694 0 813 0 541 669 550 0 0 0 822 0 52 653 776 930 894 0 0 711 0 352 0 569 2 0 0 416 737 0 246 204 819 0 210 450 214 0 770 71 0 886 975 347 512 836 299 616 0 0 591 0 810 788 195 426 752 0 0 540 596 248 823 610 833 952 751 0 0 713 25 585 291 389 0 92 480 134 0 946 0 222 749 47 704 512 791 115 648 845 300 0 51 117 839 874 342 493 286 0 194 265 889 564 704 541 74 821 311 864 781 344 977 0 765 679 6 618 0 568 550 814 591 289 896 187 822 0 506 701 708 0 68 613 987 151 
373 964 0 889 90 721 253 852 404 474 573 383 676 921 0 0 621 928 0 376 0 90 105 0 0 255 0 0 0 344 883 535 381 0 293 849 367 0 695 856 465 572 279 805 0 583 98 832 0 220 632 612 567 706 149 291 0 662 0 363 785 64 789 376 289 554 393 0 69 770 0 414 650 0 861 0 349 444 879 0 826 309 637 0 435 313 95 480 0 171 560 923 509 129 88 121 242 0 210 712 518 792 617 92 0 837 419 0 566 759 375 962 456 369 0 0 83 632 165 956 604 549 0 0 218 0 139 477 0 666 876 0 622 410 998 0 465 17 27 900 0 317 329 540 680 60 74 712 590 514 819 528 679 180 280 630 202 0 0 370 0 0 0 870 0 399 164 353 
174 739 0 772 0 20 0 701 889 690 717 0 0 566 562 0 331 963 638 512 599 693 0 970 387 0 303 869 0 541 360 0 60 452 665 938 0 160 0 89 66 305 792 786 0 0 271 921 332 48 250 900 235 676 247 582 0 983 678 805 0 66 140 0 0 693 0 865 46 71 414 0 129 99 813 133 40 401 641 601 877 71 0 992 797 134 0 33 572 997 856 516 0 209 121 0 894 0 33 749 864 933 125 630 0 0 409 479 110 464 784 0 0 0 373 575 0 572 0 839 640 678 600 524 0 689 254 482 217 39 251 956 184 655 0 209 44 0 687 255 0 0 341 0 118 0 859 321 868 0 433 913 85 0 0 985 933 285 612 492 0 0 0 162 47 527 777 408 
0 655 0 342 845 542 479 161 55 442 914 0 881 950 0 13 0 655 663 0 194 112 0 436 297 0 265 274 918 0 17 435 705 0 222 32 630 726 0 0 248 140 523 314 0 0 395 918 67 0 315 148 0 0 517 225 876 989 0 914 7 972 494 394 0 800 0 776 0 0 650 129 0 233 321 976 0 270 10 0 786 617 105 0 109 0 575 179 158 0 190 0 0 49 832 207 750 771 0 459 0 0 896 86 0 0 727 630 0 0 173 805 0 672 94 0 85 0 0 733 0 443 0 123 0 807 468 21 0 211 0 799 929 751 396 671 0 0 44 0 0 405 548 554 0 402 240 0 198 847 696 163 695 695 566 0 157 0 903 667 0 450 709 0 0 841 731 130 
768 341 501 725 855 276 0 537 460 0 0 195 570 795 216 0 970 105 648 185 796 667 145 932 0 408 493 0 611 304 265 0 796 315 419 0 0 575 373 112 545 174 0 642 0 261 367 202 994 583 886 111 480 914 0 167 160 0 712 848 2 0 59 0 882 763 145 294 262 886 0 99 233 0 338 496 533 304 691 987 0 0 968 232 14 528 152 0 0 370 0 417 0 624 278 547 289 247 0 279 0 192 0 0 848 0 130 84 480 0 280 0 261 454 300 648 929 136 0 458 0 0 550 332 879 459 0 729 160 718 3 911 0 894 822 544 754 863 670 10 891 23 1 0 93 596 358 0 0 981 127 0 0 453 0 118 384 0 0 318 519 966 942 507 0 285 566 0 
0 0 330 710 214 949 0 905 352 957 466 685 8 0 0 595 518 0 152 124 686 487 994 0 441 833 985 822 429 526 754 0 0 0 264 163 606 661 874 379 0 309 861 611 496 228 0 191 598 0 124 510 0 141 748 759 135 454 10 506 251 86 591 0 383 38 332 998 168 975 861 813 321 338 0 689 55 105 207 722 642 0 928 158 249 0 225 589 794 366 0 0 0 963 0 538 0 4 432 0 0 0 679 192 348 0 739 634 799 268 450 81 533 434 22 0 842 305 96 340 164 263 0 0 448 964 514 797 38 416 993 0 102 205 473 977 611 0 592 560 963 125 629 915 794 0 0 910 373 0 0 919 0 953 0 660 544 375 0 892 500 0 428 607 129 354 0 348 
216 0 701 463 394 60 360 825 0 375 0 0 813 0 724 0 656 787 740 787 0 823 0 207 893 93 333 358 484 361 624 197 954 544 0 923 311 523 901 295 466 501 219 74 566 950 0 875 0 133 744 0 478 735 0 531 709 378 486 143 165 904 0 110 955 292 792 0 885 347 0 133 976 496 689 0 0 865 434 235 0 179 724 108 930 110 0 85 932 34 0 244 721 363 845 57 0 0 386 446 0 691 0 424 0 0 816 346 0 25 820 0 704 218 337 635 447 45 674 0 883 533 250 0 143 894 161 201 966 92 547 111 0 958 233 0 0 0 158 246 749 982 730 250 39 258 562 681 192 0 0 220 843 0 0 0 992 315 515 0 0 0 630 490 464 305 874 0 
95 135 0 822 225 159 7 865 328 0 0 0 940 0 0 546 602 0 831 0 0 480 267 170 100 0 106 0 0 0 0 448 365 825 540 994 566 103 542 608 512 0 0 599 73 591 0 0 377 185 776 449 703 462 79 458 959 238 117 630 0 962 550 716 761 320 710 0 0 512 349 40 0 533 55 0 0 344 521 804 0 433 936 314 240 686 304 0 161 101 259 457 89 833 265 0 866 0 471 0 618 141 519 0 0 551 486 961 278 260 803 0 0 344 229 129 0 658 386 238 619 689 357 398 0 898 0 841 0 697 695 317 782 282 461 816 984 252 452 361 662 280 0 26 333 78 668 0 0 331 480 435 654 373 53 626 0 0 822 342 0 161 196 136 958 225 0 0 
0 900 844 506 0 540 42 594 703 417 191 928 480 938 158 0 0 172 0 360 227 516 803 486 803 877 0 500 685 484 88 0 337 693 249 162 0 20 60 64 385 90 979 9 367 671 346 98 650 277 794 0 862 781 566 368 0 43 0 0 992 345 247 4 0 0 379 417 0 836 444 401 270 304 105 865 344 0 528 734 683 945 690 156 0 645 955 487 232 0 0 264 915 0 698 596 597 806 86 193 520 308 445 423 854 748 115 0 0 438 753 343 397 0 0 393 716 534 868 430 460 0 0 897 539 669 916 15 0 309 688 108 0 116 0 465 954 0 412 792 398 0 0 45 0 0 495 0 958 80 218 0 0 83 339 0 0 476 182 404 128 940 0 834 0 0 476 406 
0 421 74 665 66 614 251 629 459 419 0 491 0 0 0 428 753 0 64 0 11 0 0 0 516 371 198 286 0 122 332 149 240 0 0 35 934 194 78 0 595 346 0 0 584 155 0 0 0 755 748 0 855 594 857 295 0 469 348 799 0 843 899 702 0 0 651 962 91 299 879 641 10 691 207 434 521 528 0 449 386 244 282 0 0 0 591 936 87 29 846 220 634 531 359 459 280 463 92 0 162 812 581 506 515 269 209 503 626 0 939 276 225 301 700 295 0 0 887 247 177 0 711 0 936 702 579 0 98 67 340 191 0 532 0 747 931 0 476 936 475 0 137 560 171 666 0 294 981 7 546 515 573 229 814 683 410 905 553 384 353 75 864 219 298 0 275 933 
736 626 212 209 813 0 970 131 0 546 0 644 522 866 0 721 932 710 931 760 405 281 399 228 22 513 578 655 113 0 897 51 137 121 0 812 0 0 0 808 727 573 398 0 797 508 160 607 16 115 93 0 164 272 143 802 0 391 0 0 361 802 0 709 0 24 0 0 402 616 0 601 0 987 722 235 804 734 449 0 0 154 721 237 64 599 503 0 780 124 400 214 889 281 562 210 218 0 659 797 958 726 0 459 934 0 866 875 0 416 401 0 380 160 787 0 0 923 0 956 232 386 211 477 0 741 281 812 0 465 189 972 0 150 691 884 478 184 309 547 0 0 0 971 0 0 0 363 629 342 456 792 870 422 965 0 696 30 94 0 274 0 807 743 974 0 0 0 
937 0 722 0 180 68 968 0 858 564 0 169 184 0 972 147 547 0 405 951 569 0 805 608 0 0 822 520 56 849 244 0 495 0 525 0 970 17 0 485 825 0 709 797 42 624 53 880 896 838 0 506 417 0 478 833 939 730 229 0 631 0 45 0 249 125 495 0 0 0 826 877 786 0 642 0 0 683 386 0 0 366 234 987 795 694 655 0 0 765 0 842 50 562 996 372 352 0 767 511 467 953 437 601 119 191 961 975 0 0 0 679 100 999 283 497 984 0 0 399 884 0 920 200 59 558 185 0 247 36 451 0 532 46 511 0 908 188 556 360 14 20 777 972 480 0 782 0 327 732 297 0 0 368 153 78 190 758 432 901 917 54 0 700 629 632 0 0 
840 856 0 0 989 860 0 62 0 403 756 0 507 517 355 0 93 920 563 229 542 449 0 889 0 49 0 0 0 843 123 713 122 0 753 0 501 0 612 488 0 71 134 706 616 536 0 818 237 168 730 0 0 645 170 271 0 509 103 696 204 274 697 0 599 959 263 943 848 0 309 71 617 0 0 179 433 945 244 154 366 0 374 0 849 814 855 210 116 78 0 601 0 595 994 0 379 279 0 0 962 372 913 908 0 227 301 0 0 890 999 772 0 348 98 744 240 100 427 388 310 719 685 0 910 0 525 737 843 508 312 0 554 707 927 6 620 708 431 806 863 0 81 662 574 135 605 0 59 0 986 0 146 239 933 253 553 0 581 0 731 809 458 0 607 657 119 0 
0 552 726 190 676 965 579 554 158 15 70 0 233 507 0 77 0 940 0 291 695 0 378 1 0 233 557 790 745 224 910 494 223 0 0 553 0 319 530 109 499 670 699 679 0 0 921 747 845 740 668 343 0 631 60 0 0 90 0 3 0 0 948 458 995 375 445 320 428 591 637 0 105 968 928 724 936 690 282 721 234 374 0 624 877 574 925 0 486 588 959 142 108 0 250 191 452 801 167 739 538 597 0 0 0 543 302 843 0 919 727 691 287 664 12 0 0 240 943 911 392 0 63 0 700 0 0 339 98 683 772 0 406 816 569 0 440 244 764 179 0 436 826 288 323 882 337 0 20 0 648 0 617 328 927 660 768 726 928 228 919 454 753 992 0 586 545 892 
85 322 0 552 748 0 988 841 954 20 451 0 651 225 0 92 0 789 0 289 0 971 0 54 534 153 252 604 0 374 7 639 983 457 292 175 691 912 0 0 0 599 475 415 838 184 197 0 172 34 567 772 403 593 187 0 234 580 116 445 514 9 757 0 135 0 0 0 0 0 0 992 0 232 158 108 314 156 0 237 987 0 624 0 0 793 0 366 34 0 567 250 974 90 0 355 0 0 65 360 0 942 839 963 431 997 817 271 627 399 0 889 2 423 0 0 461 328 0 664 502 124 655 565 261 145 151 827 0 570 0 39 0 909 502 197 0 279 0 0 391 122 0 840 102 0 345 916 267 103 0 285 568 160 633 292 701 416 0 580 115 0 943 0 0 799 0 35 
0 0 0 0 893 744 651 23 0 0 934 436 318 164 901 487 77 891 805 418 809 591 694 541 530 0 891 614 0 79 0 571 666 0 879 98 595 123 899 258 0 848 0 240 0 969 663 5 0 41 16 0 36 522 0 0 223 175 739 654 75 0 0 9 943 155 678 0 0 810 435 797 109 14 249 930 240 0 0 64 795 849 877 0 0 906 786 886 377 450 0 0 59 509 0 886 0 189 0 204 331 575 617 676 0 458 0 571 131 729 357 530 0 634 533 283 315 253 0 0 595 825 0 318 762 0 191 765 230 448 870 583 163 0 0 0 408 305 194 938 0 826 0 190 694 939 0 247 292 248 54 0 405 202 922 0 992 742 396 599 803 549 0 0 962 884 947 468 
797 0 317 0 267 257 0 728 0 0 0 0 284 832 947 0 83 0 563 635 627 101 185 275 0 104 746 160 107 0 976 710 350 938 662 746 157 15 604 364 429 15 461 271 948 882 770 0 966 0 711 195 146 240 466 905 0 0 234 0 875 487 0 105 0 299 0 307 413 788 313 134 0 528 0 110 686 645 0 599 694 814 574 793 906 0 744 550 0 823 116 0 815 0 0 330 960 634 505 0 523 120 0 927 55 705 0 739 0 987 834 720 394 0 76 0 873 731 887 246 931 480 139 0 0 603 0 622 301 260 509 257 598 782 254 0 823 592 905 601 0 848 380 0 412 730 33 0 653 273 861 981 657 0 137 454 403 593 269 951 985 18 0 757 0 930 560 954 
997 821 284 799 0 0 553 581 616 63 379 182 838 904 181 975 903 976 999 303 801 493 197 244 41 0 258 0 0 65 551 781 277 70 0 383 240 778 172 540 545 16 394 561 567 0 0 746 372 0 407 786 603 650 929 960 823 510 760 399 677 657 58 274 439 0 26 183 550 195 95 0 575 152 225 0 304 955 591 503 655 855 925 0 786 744 0 373 0 0 851 219 0 0 854 807 0 59 0 0 59 0 0 424 0 198 674 322 375 0 212 0 717 949 0 961 485 325 362 677 0 745 505 0 234 690 385 698 572 229 381 45 356 555 678 311 0 836 0 691 451 0 79 0 0 620 0 92 772 0 675 792 68 825 265 233 535 0 262 516 905 0 720 109 519 114 426 809 
0 817 0 0 0 248 51 711 96 375 626 787 454 0 775 214 0 307 423 472 864 0 445 856 0 539 442 0 0 0 272 0 0 851 962 635 280 0 556 681 587 769 0 415 480 707 588 0 0 327 794 0 164 972 835 0 814 0 780 338 810 371 18 962 597 0 737 793 693 426 480 33 179 0 589 85 0 487 936 0 0 210 0 366 886 550 373 0 678 337 0 648 942 936 794 372 817 0 619 901 711 764 0 479 0 790 585 0 475 755 384 347 548 0 901 957 56 371 172 959 702 64 286 923 485 0 0 0 465 597 284 560 590 872 103 274 0 73 724 378 11 107 615 948 747 0 21 0 378 438 430 61 0 0 126 808 404 426 264 401 20 744 745 896 425 0 56 0 
364 329 0 0 155 493 194 0 156 750 352 0 0 0 973 42 957 177 0 0 308 267 0 0 0 0 0 398 812 847 420 523 295 748 981 163 641 0 315 293 245 201 725 189 517 334 938 811 238 823 920 0 390 0 53 53 247 0 581 446 92 857 138 122 191 470 778 0 0 752 0 572 158 0 794 932 161 232 87 780 0 116 486 34 377 0 0 678 0 988 474 474 935 87 389 810 895 322 751 384 147 531 0 499 608 106 111 0 0 919 196 994 413 325 39 993 0 0 265 0 375 895 0 0 640 0 2 208 877 539 447 948 105 0 8 327 540 781 899 743 6 713 247 372 0 0 885 737 337 565 274 567 0 822 715 0 715 7 242 258 398 89 0 0 0 468 134 594 
142 0 653 673 58 0 743 541 698 669 140 820 949 886 0 274 400 354 0 116 384 773 552 0 0 0 340 0 0 338 402 397 0 0 0 392 254 192 159 41 492 917 973 254 758 20 0 129 37 664 735 329 0 789 770 831 484 0 336 0 424 0 965 529 79 276 36 0 909 0 171 997 0 370 366 34 101 0 29 124 765 78 588 0 450 823 0 337 988 0 437 539 0 0 158 155 667 818 0 0 410 747 724 402 515 924 592 0 327 635 0 7 817 618 680 0 631 65 387 150 0 541 772 0 394 581 930 0 697 547 464 316 393 570 20 171 431 113 877 335 412 407 0 600 295 0 995 222 0 119 523 384 571 766 355 808 647 144 881 322 672 0 763 279 0 525 818 893 
713 413 188 0 292 0 658 425 607 870 139 246 319 330 336 0 601 117 321 392 0 878 696 278 961 833 693 166 0 276 0 347 435 433 0 0 0 930 0 0 545 218 913 455 220 416 563 0 840 639 0 0 942 937 629 0 508 0 199 631 457 484 656 0 118 668 713 883 698 0 560 856 190 0 0 0 259 0 846 400 0 0 959 567 0 116 851 0 474 437 0 94 368 81 0 270 764 960 906 960 674 260 163 0 0 458 0 688 816 0 920 428 0 856 0 134 296 716 0 327 0 905 623 994 0 0 943 806 0 845 141 0 0 0 794 107 430 730 244 618 446 0 0 0 0 577 31 0 695 851 881 923 984 890 0 0 830 249 0 0 591 278 393 345 338 538 478 723 
296 0 343 0 54 665 261 767 0 687 117 237 868 500 464 857 0 238 207 239 0 991 143 69 181 377 38 343 0 578 545 833 898 0 679 271 433 658 200 42 913 785 700 349 407 305 41 0 361 0 554 0 0 463 493 425 747 0 731 599 799 145 881 328 543 769 803 260 514 540 923 516 0 417 0 244 457 264 220 214 842 601 142 250 0 0 219 648 474 539 94 0 0 0 432 608 94 915 942 98 401 18 632 54 0 629 583 947 829 974 213 362 879 501 0 0 0 135 856 7 568 419 512 0 773 696 357 303 473 0 885 516 49 196 48 600 189 513 588 970 0 382 0 868 733 0 169 0 899 0 210 497 77 900 994 566 752 503 0 280 484 652 382 92 814 668 658 683 
883 469 448 0 565 412 856 3 0 0 761 127 0 81 50 687 0 540 127 0 10 452 481 30 795 442 10 524 179 541 72 0 502 902 831 568 800 716 45 553 30 673 15 0 397 824 0 904 109 667 591 36 242 0 910 993 241 453 117 799 0 629 92 393 736 0 0 792 648 596 509 0 0 0 0 721 89 915 634 889 50 0 108 974 59 815 0 942 935 0 368 0 0 386 594 753 0 568 11 78 511 28 452 117 0 846 953 0 626 991 622 900 0 945 0 391 0 0 0 37 596 346 808 795 316 0 690 210 547 125 730 0 803 249 182 0 431 688 731 726 457 841 0 546 181 640 720 0 411 828 365 284 942 136 0 0 0 93 202 855 374 228 0 0 0 524 883 404 
640 23 981 546 664 367 647 891 568 0 506 914 838 730 858 0 532 42 0 211 0 135 993 369 0 705 589 227 509 0 62 407 0 24 831 676 552 970 731 106 0 0 0 820 44 494 399 163 817 467 0 153 246 719 0 25 872 752 587 374 257 967 480 693 852 403 0 467 0 248 129 209 49 624 963 363 833 0 531 281 562 595 0 90 509 0 0 936 87 0 81 0 386 0 592 257 605 448 0 341 906 0 866 0 699 523 0 831 0 770 133 307 290 408 21 899 402 430 333 0 363 183 791 724 0 671 283 758 57 735 320 429 118 326 481 944 576 763 765 653 0 908 487 0 0 150 0 19 376 348 854 945 773 540 35 523 259 477 36 376 816 202 0 730 0 236 259 277 
607 107 243 542 505 211 0 905 309 776 0 289 251 905 822 0 746 878 126 0 50 958 0 523 611 500 0 68 0 558 457 447 0 500 573 636 993 794 293 116 0 0 161 227 240 896 778 819 0 155 632 506 87 774 0 134 0 768 95 784 51 574 91 0 0 49 0 0 166 823 88 121 832 278 0 845 265 698 359 562 996 994 250 0 0 0 854 794 389 158 0 432 594 592 0 870 0 788 0 716 701 429 0 421 721 622 336 740 866 0 170 76 587 0 223 0 837 710 854 367 599 0 686 821 999 0 393 227 765 898 589 772 0 0 83 0 0 0 338 80 0 0 0 62 520 188 99 331 424 981 874 0 593 779 379 244 0 338 649 60 0 805 459 943 139 760 0 251 
607 157 384 345 0 0 730 57 835 230 588 384 469 0 407 942 0 0 0 331 760 577 0 904 915 0 0 302 829 952 0 0 0 0 312 347 372 0 633 924 72 835 21 246 897 0 658 887 737 0 0 0 316 411 66 960 896 0 841 718 0 765 828 674 369 0 465 362 134 610 121 0 207 547 538 57 0 596 459 210 372 0 191 355 886 330 807 372 810 155 270 608 753 257 870 0 0 455 877 5 121 406 225 362 445 0 345 209 0 423 317 101 733 931 648 252 517 960 377 0 957 167 885 515 89 0 71 822 4 497 0 758 0 0 0 165 0 550 853 0 369 803 283 666 0 550 689 828 139 478 926 774 199 146 468 563 93 471 869 337 536 1 0 692 88 0 18 0 
646 454 970 16 948 100 901 0 706 10 180 258 443 366 36 724 824 2 363 921 387 836 929 517 455 124 3 417 722 144 6 0 245 0 0 132 620 473 0 464 833 563 430 845 21 626 782 0 632 700 882 151 47 531 0 54 717 301 65 0 165 464 504 407 55 805 0 154 686 833 242 894 750 289 0 0 866 597 280 218 352 379 452 0 0 960 0 817 895 667 764 94 0 605 0 0 0 700 311 592 612 887 0 0 731 781 0 0 221 920 966 0 350 75 0 257 920 161 658 279 539 580 101 0 829 230 616 687 949 0 634 445 0 132 245 48 149 736 970 244 813 281 0 39 0 7 544 0 512 4 708 0 229 0 947 0 700 16 21 6 238 688 246 311 259 982 0 425 
337 937 0 139 0 583 556 871 638 0 561 145 0 283 113 0 911 0 0 362 682 894 565 95 671 996 969 865 0 142 0 384 873 668 27 338 0 144 830 0 246 35 656 571 360 82 601 0 980 884 0 509 45 0 331 0 138 0 827 0 581 263 217 336 598 41 0 593 260 952 0 0 771 247 4 0 0 806 463 0 0 279 801 0 189 634 59 0 322 818 960 915 568 448 788 455 700 0 326 574 467 0 521 545 444 79 87 153 450 663 799 847 316 0 793 296 929 263 0 267 443 13 0 837 476 806 745 853 506 102 0 0 513 0 111 0 0 598 200 705 0 591 379 891 0 0 980 230 439 0 124 96 746 788 854 727 208 568 424 484 412 217 276 108 0 850 956 43 
816 883 19 64 280 0 891 686 894 228 0 55 666 266 489 620 476 417 0 0 265 605 360 991 0 785 478 75 132 5 0 745 269 674 679 551 112 0 517 265 0 15 697 835 0 0 0 168 552 987 209 0 461 229 258 0 508 720 534 721 0 813 268 769 963 0 954 0 891 751 210 33 0 0 432 386 471 86 92 659 767 0 167 65 0 505 0 619 751 0 906 942 11 0 0 877 311 326 0 179 306 173 0 684 299 0 311 997 471 43 49 314 129 351 736 458 196 0 973 0 0 0 0 0 2 712 0 115 0 893 788 299 617 786 835 0 628 882 719 972 392 829 0 276 853 0 29 191 527 0 0 266 506 477 613 47 52 343 709 166 653 168 266 938 581 314 85 328 
593 830 0 549 448 264 885 0 0 815 939 0 564 808 771 591 790 502 0 0 0 898 0 652 776 0 381 844 1 76 278 712 0 499 211 378 631 361 0 0 200 80 652 38 0 183 922 496 723 30 806 417 991 601 0 429 983 218 343 534 398 534 0 0 437 0 0 203 345 0 712 749 459 279 0 446 0 193 0 797 511 0 739 360 204 0 0 901 384 0 960 98 78 341 716 5 592 574 179 0 256 0 79 377 40 0 811 136 34 384 893 542 39 974 28 683 0 0 401 314 497 26 553 0 386 0 0 820 468 207 0 120 0 765 0 0 0 154 716 332 490 934 812 86 300 351 381 549 696 316 0 723 319 538 0 42 441 312 362 484 0 814 472 240 806 0 278 0 
221 633 0 74 0 549 295 361 521 58 125 614 857 226 736 427 197 519 554 48 9 186 522 163 338 862 844 97 790 0 0 383 346 98 350 232 0 793 946 829 100 349 0 257 733 95 0 619 0 235 58 880 826 141 555 607 764 119 0 763 167 0 604 674 311 0 820 606 0 0 518 864 0 0 0 0 618 520 162 958 467 962 538 0 331 523 59 711 147 410 674 401 511 906 701 121 612 467 306 256 0 0 233 204 859 0 697 911 868 490 924 180 35 35 346 624 781 269 653 0 0 511 154 889 475 0 361 490 675 785 747 259 511 0 0 195 894 0 401 754 744 788 402 638 180 807 203 0 0 868 13 939 737 0 948 0 755 837 0 24 0 515 370 0 446 576 101 621 
834 523 611 468 16 161 136 237 635 0 0 522 326 243 0 76 199 80 0 243 670 0 887 843 874 177 0 958 0 0 928 773 753 406 973 0 286 824 407 0 552 459 208 192 22 202 188 137 486 344 836 583 678 997 823 331 760 448 897 563 645 755 0 319 0 630 132 0 0 713 792 933 0 192 0 691 141 308 812 726 953 372 597 942 575 120 0 764 531 747 260 18 28 0 429 406 887 0 173 0 0 0 162 109 0 777 0 481 745 384 0 608 23 603 0 440 990 639 257 144 576 193 499 0 891 0 788 322 537 413 615 798 0 40 297 223 0 585 988 671 715 557 0 895 771 0 388 0 727 0 719 973 516 920 986 454 638 360 168 387 388 88 715 589 926 0 752 577 
0 930 0 534 376 242 0 522 556 251 895 78 0 84 0 160 631 207 736 0 636 0 395 0 451 134 883 370 598 617 0 0 0 881 86 727 318 866 462 0 704 942 921 573 0 672 559 0 277 349 496 0 256 623 767 0 730 205 311 658 161 397 246 576 0 0 593 127 708 25 617 125 896 0 679 0 519 445 581 0 437 913 0 839 617 0 0 0 0 724 163 632 452 866 0 225 0 521 0 79 233 162 0 448 0 724 406 957 620 0 463 666 246 442 402 489 126 0 0 405 0 36 0 0 908 328 0 647 0 8 99 0 131 0 398 0 238 863 32 0 762 0 0 0 0 647 757 443 987 0 729 822 294 454 490 466 822 0 167 788 126 423 42 638 0 385 0 322 
927 696 816 832 225 318 0 0 14 0 0 0 802 488 446 921 976 157 203 431 0 736 304 394 826 0 634 553 475 808 466 0 981 754 0 810 433 332 93 659 0 854 604 273 772 30 38 374 0 384 0 43 672 963 808 0 292 252 277 62 0 438 135 323 655 0 374 114 0 585 92 630 86 0 192 424 0 423 506 459 601 908 0 963 676 927 424 479 499 402 0 54 117 0 421 362 0 545 684 377 204 109 448 0 735 147 84 516 161 0 0 0 801 558 570 0 272 677 0 0 638 439 350 0 746 0 654 76 408 129 960 0 146 976 960 832 610 0 220 0 207 331 247 320 873 677 543 547 282 385 64 648 270 812 685 8 875 102 836 516 320 896 28 0 648 274 416 8 
385 0 0 636 763 0 0 759 853 0 916 314 605 632 0 183 820 505 909 0 428 487 772 966 860 0 0 771 297 36 0 689 840 133 109 0 216 0 313 0 250 0 50 659 766 612 432 0 205 286 985 439 733 42 910 0 150 906 896 0 849 507 0 0 640 0 185 125 584 291 0 0 0 848 348 0 0 854 515 934 119 0 0 431 0 55 0 0 608 515 0 0 0 699 721 445 731 444 299 40 859 0 0 735 0 348 873 233 460 80 630 610 740 669 606 582 608 102 539 0 904 0 738 640 455 237 0 665 0 0 475 90 468 0 842 393 838 796 634 0 716 366 538 0 0 97 994 505 783 855 0 11 572 778 670 0 274 0 192 696 0 528 0 0 0 569 651 469 
861 0 785 451 998 428 811 0 258 656 145 863 991 645 0 607 617 194 131 0 658 174 395 521 595 0 447 544 178 904 226 561 0 284 528 920 374 777 554 0 847 299 828 175 0 570 889 0 781 754 555 0 0 0 246 887 526 855 637 198 621 618 0 716 33 0 57 306 0 389 837 0 0 0 0 0 551 748 269 0 191 227 543 997 458 705 198 790 106 924 458 629 846 523 622 0 781 79 0 0 0 777 724 147 348 0 0 349 35 754 198 106 238 49 466 0 82 419 0 0 0 0 66 289 529 154 711 489 981 0 0 877 744 0 0 364 23 0 361 0 0 688 322 0 335 0 0 0 297 0 560 592 0 0 776 602 744 465 817 0 936 0 208 756 955 660 22 0 
318 0 917 998 991 385 290 989 87 877 462 155 910 63 876 430 139 628 128 0 488 222 77 559 156 361 0 393 640 651 0 0 88 503 908 166 0 528 377 0 144 809 467 182 886 0 0 0 70 727 675 194 85 39 0 645 0 187 549 712 942 700 101 634 0 600 0 101 906 0 419 409 727 130 739 816 486 115 209 866 961 301 302 817 0 0 674 585 111 592 0 583 953 0 336 345 0 87 311 811 697 0 406 84 873 0 0 0 128 230 154 691 0 67 597 931 292 795 0 212 729 391 591 118 879 159 436 276 877 69 114 50 258 631 640 849 51 790 0 0 755 313 441 0 817 733 595 308 0 0 160 717 0 0 656 0 112 177 664 43 323 412 0 914 321 290 839 779 
271 830 348 148 347 740 204 590 517 414 0 0 865 26 934 352 605 445 612 951 168 0 656 0 109 45 0 644 890 614 843 684 938 323 263 38 0 950 163 201 682 149 786 643 184 242 886 130 825 862 657 0 0 611 182 367 804 984 871 381 0 538 995 867 581 529 0 399 767 92 0 479 630 84 634 346 961 0 503 875 975 0 843 271 571 739 322 0 0 0 688 947 0 831 740 209 0 153 997 136 911 481 957 516 233 349 0 0 0 0 0 454 0 489 718 53 621 240 0 0 102 171 937 0 742 923 648 446 0 462 0 244 22 216 474 715 782 940 0 712 346 353 392 790 711 821 78 101 699 265 206 525 918 714 743 410 339 309 0 85 881 0 571 374 383 690 281 606 
319 171 430 701 568 464 0 361 755 656 0 439 0 338 416 0 849 0 0 588 0 199 670 414 0 0 0 234 0 518 0 989 0 693 311 77 0 855 694 916 862 333 65 386 461 184 426 642 601 685 0 0 927 684 920 374 458 273 257 420 203 700 639 0 0 992 492 0 389 480 566 110 0 480 799 0 278 0 626 0 0 0 0 627 131 0 375 475 0 327 816 829 626 0 866 0 221 450 471 34 868 745 620 161 460 35 128 0 0 0 600 0 390 648 654 76 0 0 346 877 368 0 693 371 0 385 474 590 260 153 256 538 418 0 757 91 0 698 596 914 429 220 113 866 208 888 0 0 522 449 256 851 0 772 477 707 0 552 0 834 0 443 0 415 421 804 211 682 
0 700 217 703 766 367 396 488 160 0 35 0 0 85 0 400 774 609 456 520 0 160 0 183 317 527 59 184 76 590 161 648 219 581 73 917 348 180 185 576 0 117 280 880 25 841 768 913 0 792 12 470 850 660 481 139 68 229 266 466 0 411 807 0 725 289 555 412 579 134 759 464 0 0 268 25 260 438 0 416 0 890 919 399 729 987 0 755 919 635 0 974 991 770 0 423 920 663 43 384 490 384 0 0 80 754 230 0 0 0 985 783 0 680 188 0 808 584 11 924 0 400 801 424 112 269 818 419 704 148 291 0 0 423 0 299 354 580 983 560 0 622 626 413 397 225 793 811 0 12 6 0 555 574 208 131 368 430 689 764 998 537 257 799 0 0 0 443 
74 857 430 0 629 771 241 229 753 0 567 0 408 3 0 524 0 907 523 200 619 0 0 407 0 599 382 714 369 236 459 413 497 919 0 534 610 792 0 811 0 724 172 963 796 0 0 136 910 973 834 813 898 547 638 0 190 0 0 311 952 751 601 27 322 410 284 379 668 0 375 784 173 280 450 820 803 753 939 401 0 999 727 0 357 834 212 384 196 0 920 213 622 133 170 317 966 799 49 893 924 0 463 0 630 198 154 0 600 985 0 528 457 0 978 491 0 639 125 477 117 261 62 39 188 270 80 268 0 469 373 842 0 587 447 984 441 568 795 0 828 48 610 294 354 0 319 374 636 0 572 0 754 0 0 289 846 957 297 0 0 880 295 0 0 131 0 937 
366 17 661 497 616 80 0 185 795 717 305 0 0 786 290 755 803 0 973 21 506 989 907 377 612 304 0 132 0 405 717 161 461 0 636 0 225 938 0 63 736 71 417 937 656 53 911 255 540 0 578 850 513 367 0 0 968 77 613 969 0 453 721 601 134 263 646 806 820 946 962 0 805 0 81 0 0 343 276 0 679 772 691 889 530 720 0 347 994 7 428 362 900 307 76 101 0 847 314 542 180 608 666 0 610 106 691 454 0 783 528 0 0 590 420 476 532 256 0 427 157 0 497 218 286 111 0 956 853 58 784 317 32 377 344 376 386 599 802 524 0 875 713 0 662 0 0 966 249 284 446 965 68 801 0 0 0 167 434 711 700 759 0 480 591 0 757 367 
622 0 229 273 319 0 890 205 928 579 559 920 0 215 929 312 0 0 960 550 599 819 627 757 160 627 0 587 431 969 149 647 293 788 263 546 885 116 230 0 71 529 136 125 527 373 208 0 363 748 0 0 0 775 482 659 0 0 0 199 0 934 0 663 0 0 800 733 719 0 456 0 0 261 533 704 0 397 225 380 100 0 287 2 0 394 717 548 413 817 0 879 0 290 587 733 350 316 129 39 35 23 246 801 740 238 0 0 390 0 457 0 0 653 545 489 109 656 77 0 835 554 0 804 536 0 0 327 918 0 159 357 632 192 0 404 377 419 354 84 0 0 0 718 543 0 175 777 996 120 578 0 0 792 0 0 0 926 796 103 938 213 738 761 146 978 0 161 
371 0 951 0 188 814 88 589 189 911 627 472 806 0 163 735 0 561 452 133 71 425 853 855 277 0 251 626 297 250 0 187 31 883 492 677 339 0 23 193 203 275 0 0 437 0 264 0 0 689 770 0 319 0 0 533 322 599 15 169 0 507 665 296 0 112 114 441 0 222 369 0 672 454 434 218 344 0 301 160 999 348 664 423 634 0 949 0 325 618 856 501 945 408 0 931 75 0 351 974 35 603 442 558 669 49 67 489 648 680 0 590 653 0 557 0 751 716 0 0 830 748 154 116 530 342 0 39 546 0 0 92 0 426 920 219 182 73 700 778 204 0 0 648 0 298 541 311 243 39 0 221 0 941 0 109 69 620 849 475 581 0 0 257 659 723 0 933 
0 61 61 0 0 133 0 757 0 274 762 624 90 342 728 841 887 0 0 0 452 0 269 173 0 160 987 624 62 0 688 992 0 0 423 113 0 369 835 116 609 832 112 433 0 666 167 800 56 468 0 19 176 953 0 934 661 14 90 385 0 136 0 608 269 805 498 842 0 749 0 373 94 300 22 337 229 0 700 787 283 98 12 0 533 76 0 901 39 680 0 0 0 21 223 648 0 793 736 28 346 0 402 570 606 466 597 718 654 188 978 420 545 557 0 360 44 0 518 0 442 124 119 967 352 584 835 565 885 468 0 549 0 699 0 654 450 161 29 125 488 238 23 697 0 0 146 40 284 536 587 52 3 0 764 408 0 19 108 273 0 0 732 379 847 450 329 0 
211 0 819 470 0 620 0 0 205 343 421 257 500 921 387 406 0 196 598 0 464 633 451 495 276 910 0 521 910 0 860 258 445 407 215 0 892 343 64 0 60 0 468 606 0 777 0 249 4 0 933 623 469 231 75 136 0 157 36 377 86 0 295 152 0 198 193 624 284 47 0 575 0 648 0 635 129 393 295 0 497 744 0 0 283 0 961 957 993 0 134 0 391 899 0 252 257 296 458 683 624 440 489 0 582 0 931 53 76 0 491 476 489 0 360 0 393 0 158 718 0 802 760 738 865 734 731 0 0 0 125 508 579 716 199 388 43 0 0 600 806 469 346 71 0 143 60 743 0 560 0 312 602 962 132 661 0 0 521 536 104 317 740 666 432 735 956 568 
0 0 793 1 302 986 313 372 97 0 779 0 463 596 769 362 229 0 0 570 246 78 221 257 948 0 0 0 854 0 727 646 482 123 430 561 474 0 585 373 0 783 676 798 24 833 888 714 0 0 421 642 107 144 854 0 333 71 626 0 283 0 675 881 235 176 653 371 808 704 83 0 85 929 842 447 0 716 0 0 984 240 0 461 315 873 485 56 0 631 296 0 0 402 837 517 920 929 196 0 781 990 126 272 608 82 292 621 0 808 0 532 109 751 44 393 0 894 308 346 976 759 576 0 148 421 426 193 745 334 987 967 187 506 323 0 0 0 830 285 890 656 339 0 0 716 981 993 796 0 653 503 151 475 709 0 309 0 841 410 869 879 0 379 0 0 473 719 
952 921 0 0 670 0 128 0 84 0 927 0 4 152 367 581 550 784 423 0 442 808 883 327 633 101 74 821 731 256 469 308 39 666 188 894 751 0 0 635 0 719 133 0 795 363 914 596 0 886 245 0 793 398 0 484 297 467 114 920 985 964 0 790 187 467 709 343 822 512 632 572 0 136 305 45 658 534 0 923 0 100 240 328 253 731 325 371 0 65 716 135 0 430 710 960 161 263 0 0 269 639 0 677 102 419 795 240 0 584 639 256 656 716 0 0 894 0 193 503 0 974 0 0 0 535 923 190 0 959 264 829 581 0 974 874 200 240 21 566 598 593 906 0 0 579 359 0 0 968 598 724 609 0 0 554 481 309 102 466 0 0 218 584 865 699 804 314 
609 448 23 783 106 777 882 657 0 502 918 586 961 43 0 0 0 89 169 0 0 29 0 223 173 0 0 148 212 74 518 787 0 0 49 837 660 14 95 0 338 0 754 0 935 248 11 901 0 0 864 465 596 655 99 962 710 484 313 782 0 0 86 939 135 0 48 771 0 791 165 0 0 0 96 674 386 868 887 0 0 427 943 0 0 887 362 172 265 387 0 856 0 333 854 377 658 0 973 401 653 257 0 0 539 0 0 0 346 11 125 0 77 0 518 158 308 193 0 945 457 0 429 182 743 414 270 644 0 576 878 708 0 842 344 999 175 749 268 430 942 257 336 173 933 801 136 687 595 700 920 0 504 310 0 582 889 0 787 597 813 0 0 429 0 0 970 452 
0 817 370 659 0 816 930 0 440 580 388 864 367 0 915 551 0 416 0 0 945 331 566 535 647 136 0 538 815 832 409 849 793 0 187 493 879 978 311 671 0 0 0 0 836 0 774 968 53 662 0 257 72 307 195 0 0 427 0 0 670 640 137 968 637 0 700 0 886 115 956 839 733 458 340 0 238 430 247 956 399 388 911 664 0 246 677 959 0 150 327 7 37 0 367 0 279 267 0 314 0 144 405 0 0 0 212 0 877 924 477 427 0 0 0 718 346 503 945 0 670 0 203 0 429 431 936 362 179 149 249 605 864 270 0 746 940 704 371 0 727 0 510 815 0 450 377 0 0 902 295 0 915 687 581 798 0 723 84 928 0 933 390 585 606 613 429 0 
325 0 356 349 667 298 166 454 0 295 284 0 0 0 266 0 224 0 354 778 0 0 339 111 0 454 686 117 987 291 393 553 342 0 0 299 0 186 0 0 866 243 145 809 0 0 934 263 391 136 690 312 0 0 204 312 263 27 0 0 111 0 0 854 81 156 863 621 427 648 604 640 0 0 164 883 619 460 177 232 884 310 392 502 595 931 0 702 375 0 0 568 596 363 599 957 539 443 0 497 0 576 0 638 904 0 729 102 368 0 117 157 835 830 442 0 976 0 457 670 0 0 37 42 112 221 191 0 15 969 715 955 606 808 985 35 465 0 921 69 0 0 401 750 0 521 201 0 342 31 925 891 401 718 387 23 182 546 0 0 0 370 398 0 494 0 344 197 
96 266 374 491 14 971 106 0 723 162 988 838 736 0 91 515 0 323 716 631 723 262 674 0 669 0 426 720 706 836 0 10 360 0 689 676 27 0 132 0 0 0 708 109 367 593 312 0 714 497 804 0 0 0 776 370 0 0 428 745 0 388 368 509 629 644 830 624 154 845 549 678 443 0 263 533 689 0 0 386 0 719 0 124 825 480 745 64 895 541 905 419 346 183 0 167 580 13 0 26 511 193 36 439 0 0 391 171 0 400 261 0 554 748 124 802 759 974 0 0 0 0 378 636 797 594 334 0 0 0 81 836 324 316 136 198 705 0 758 106 478 0 794 866 991 760 0 57 135 508 0 0 379 518 380 776 675 765 868 0 650 84 649 233 885 0 0 474 
350 669 834 617 0 590 0 0 0 920 942 599 604 618 132 986 544 680 0 360 0 0 0 43 710 0 825 306 967 482 469 43 816 576 4 198 0 804 331 0 827 705 633 724 573 517 0 215 246 0 197 544 0 214 721 924 102 719 549 841 455 745 59 0 286 0 242 782 606 300 0 600 0 550 0 250 357 0 711 211 920 685 63 655 0 139 505 286 0 772 623 512 808 791 686 885 101 0 0 553 154 499 0 350 738 66 591 937 693 801 62 497 0 154 119 760 576 0 429 203 37 378 0 340 831 299 762 988 487 336 322 429 0 651 230 339 606 363 967 977 967 356 515 0 969 614 748 0 913 621 203 534 0 49 0 305 918 0 553 0 0 0 226 0 692 0 0 0 
811 150 671 0 0 376 221 822 0 32 416 217 50 342 0 0 413 0 767 24 489 427 951 391 0 848 236 0 707 349 0 544 638 0 30 702 392 766 405 111 502 846 0 445 0 0 0 333 0 0 133 893 797 201 970 182 504 459 855 0 581 0 681 0 0 674 385 167 0 0 0 524 123 332 0 0 398 897 0 477 200 0 0 565 318 0 0 923 0 0 994 0 795 724 821 515 0 837 0 0 889 0 0 0 640 289 118 0 371 424 39 218 804 116 967 738 0 0 182 0 42 636 340 0 905 0 975 794 985 765 713 725 520 633 95 721 0 50 844 556 312 0 0 998 0 0 370 952 0 449 515 0 646 193 227 57 0 991 0 661 0 0 899 0 277 967 470 416 
0 0 40 0 793 603 0 658 0 0 290 263 82 35 764 976 0 751 986 0 215 441 0 349 206 779 641 998 0 61 847 715 702 0 493 465 56 0 138 305 41 128 294 0 443 5 598 106 237 0 0 454 0 0 6 926 267 507 732 541 485 419 0 766 0 0 422 0 987 51 218 0 0 879 448 143 0 539 936 0 59 910 700 261 762 0 234 485 640 394 0 773 316 0 999 89 829 476 2 386 475 891 908 746 455 529 879 742 0 112 188 286 536 530 352 865 148 0 743 429 112 797 831 905 0 669 311 115 470 486 0 0 730 968 778 0 0 0 880 459 123 0 0 61 0 117 0 950 77 528 0 0 261 562 847 616 494 494 0 0 0 516 0 785 711 858 0 514 
316 0 381 0 216 385 393 672 776 37 0 864 0 0 453 379 353 565 872 865 0 168 62 0 0 414 423 0 419 0 923 0 0 591 79 509 543 72 0 561 65 0 0 354 0 463 688 174 867 933 73 0 410 157 81 963 316 28 329 498 633 790 481 618 548 377 40 0 0 117 0 689 807 459 964 894 898 669 702 741 558 0 0 145 0 603 690 0 0 581 0 696 0 671 0 0 230 806 712 0 0 0 328 0 237 154 159 923 385 269 270 111 0 342 584 734 421 535 414 431 221 594 299 0 669 0 0 547 367 138 360 612 360 0 989 0 407 0 442 301 817 0 0 0 954 256 815 2 497 0 319 0 60 0 269 614 754 567 160 759 667 901 980 480 505 248 177 150 
905 620 931 11 596 170 285 856 0 790 263 897 291 432 0 16 860 149 802 0 0 178 970 0 506 381 821 0 619 0 0 843 285 0 758 392 0 209 3 497 0 694 0 316 50 117 0 0 398 0 289 594 814 495 845 147 0 0 47 454 49 600 31 664 0 538 46 477 793 839 139 254 468 0 514 161 0 916 579 281 185 525 0 151 191 0 385 0 2 930 943 357 690 283 393 71 616 745 0 0 361 788 0 654 0 711 436 648 474 818 80 0 0 0 835 731 426 923 270 936 191 334 762 975 311 0 0 0 590 964 235 0 190 548 859 0 745 0 968 416 116 332 799 0 960 813 147 956 856 247 661 794 898 532 787 243 306 238 805 0 334 670 689 287 570 181 645 342 
662 574 501 0 0 85 0 18 208 0 828 628 272 0 519 791 0 687 0 0 0 0 963 569 0 332 470 418 870 0 0 0 664 505 497 701 0 24 22 0 0 113 239 239 984 402 178 502 0 0 3 859 0 0 858 0 985 501 0 60 447 859 163 227 0 0 304 641 914 874 477 482 21 729 797 201 841 15 0 812 0 737 339 827 765 622 698 0 208 0 806 303 210 758 227 822 687 853 115 820 490 322 647 76 665 489 276 446 590 419 268 956 327 39 565 0 193 190 644 362 0 0 988 794 115 547 0 0 0 0 0 744 819 0 0 354 0 295 718 0 864 752 96 193 515 468 228 651 127 285 835 0 334 729 819 0 717 999 640 941 228 619 127 743 901 0 0 946 
888 341 128 0 0 0 276 219 97 879 571 0 735 259 152 53 450 0 657 0 52 678 29 127 680 79 934 0 0 0 39 57 315 0 622 83 0 325 826 0 456 781 527 885 0 941 842 0 0 0 0 809 0 0 195 0 963 0 0 374 13 299 96 5 470 253 0 964 832 342 0 217 0 160 38 966 0 0 98 0 247 843 98 0 230 301 572 465 877 697 0 473 547 57 765 4 949 506 0 468 675 537 0 408 0 981 877 0 260 704 0 853 918 546 885 0 745 0 0 179 15 0 487 985 470 367 590 0 0 622 0 0 0 522 500 177 56 649 0 651 252 719 0 486 0 0 0 482 658 295 0 514 403 467 575 88 402 0 925 226 8 663 609 566 900 0 446 366 
0 73 620 120 0 376 597 679 865 526 500 73 424 176 269 0 878 805 609 87 714 238 263 346 0 866 613 924 0 207 337 0 0 222 935 816 503 323 0 225 851 32 367 0 515 353 963 0 433 496 364 0 0 0 261 435 111 811 0 0 0 0 713 649 0 302 0 428 960 493 666 39 211 718 416 92 697 309 67 465 36 508 683 570 448 260 229 597 539 547 845 0 125 735 898 497 0 102 893 207 785 413 8 129 0 0 69 462 153 148 469 58 0 0 468 0 334 959 576 149 969 0 336 765 486 138 964 0 622 0 364 0 966 0 633 366 0 0 535 0 535 943 0 0 617 0 0 442 185 247 0 350 698 0 0 197 0 0 316 638 0 0 0 991 811 522 682 418 
113 740 335 106 686 120 749 0 0 924 917 819 561 989 0 0 0 983 415 159 220 900 288 348 435 509 269 312 242 560 319 564 384 0 891 650 444 215 866 0 599 266 53 299 185 0 676 0 0 134 610 260 275 413 815 777 145 0 210 707 962 335 0 0 443 122 122 824 0 286 876 251 0 3 993 547 695 688 340 189 451 312 772 0 870 509 381 284 447 464 141 885 730 320 589 0 634 0 788 0 747 615 99 960 475 0 114 0 256 291 373 784 159 0 0 125 987 264 878 249 715 81 322 713 0 360 235 0 0 364 0 380 350 649 943 365 167 288 45 242 135 675 678 948 899 896 0 37 332 107 873 0 397 224 0 760 912 741 569 148 392 45 855 347 643 609 0 816 
175 0 0 385 330 619 469 324 937 888 983 0 661 27 0 0 242 0 195 895 181 545 548 453 0 17 182 941 0 358 665 670 530 0 97 364 779 402 743 585 439 250 70 366 512 106 937 255 253 139 934 912 889 0 629 252 0 0 723 117 349 0 464 0 577 526 0 654 422 0 0 956 799 911 0 111 317 108 191 972 0 0 0 39 583 257 45 560 948 316 0 516 0 429 772 758 445 0 299 120 259 798 0 0 90 877 50 244 538 0 842 317 357 92 549 508 967 829 708 605 955 836 429 725 0 612 0 744 0 0 380 0 274 853 363 0 142 215 0 0 0 496 0 709 691 0 120 66 45 686 98 0 471 0 415 0 0 595 649 482 887 386 545 0 342 0 171 0 
795 492 242 22 685 842 95 0 92 0 632 75 867 0 132 369 0 0 557 678 411 285 740 439 914 869 426 352 647 946 0 0 0 982 749 926 0 310 490 0 736 953 0 492 728 0 753 615 631 0 730 0 0 0 569 113 234 438 500 0 78 307 754 528 192 0 862 327 292 194 622 184 929 0 102 0 782 0 0 0 532 554 406 0 163 598 356 590 105 393 0 49 803 118 0 0 0 513 617 0 511 0 131 146 468 744 258 22 418 0 0 32 632 0 0 579 187 581 0 864 606 324 0 520 730 360 190 819 0 966 350 274 0 746 462 272 0 413 414 142 0 0 0 586 32 55 0 891 0 191 0 0 273 207 0 81 707 900 0 494 167 760 768 100 0 279 0 847 
299 0 457 0 719 820 477 108 946 547 746 127 886 0 0 230 0 647 542 158 0 0 887 516 244 767 535 977 548 86 0 688 0 115 873 0 621 179 495 0 0 0 596 693 39 559 532 81 953 712 0 558 557 0 998 800 421 701 898 280 568 779 92 560 617 469 0 588 849 265 410 655 751 894 205 958 282 116 532 150 46 707 816 909 0 782 555 872 0 570 0 196 249 326 0 0 132 0 786 765 0 40 0 976 0 0 631 216 0 423 587 377 192 426 699 716 506 0 842 270 808 316 651 633 968 0 548 0 522 0 649 853 746 0 683 366 686 0 68 0 421 401 73 79 832 0 0 277 578 325 45 919 892 0 646 137 459 984 775 259 942 964 183 993 806 650 510 611 
371 762 910 428 449 57 0 706 75 300 332 289 107 0 415 0 613 83 0 0 0 0 146 860 0 947 719 92 951 623 350 53 25 0 367 98 729 718 841 62 122 582 218 259 0 625 55 135 0 490 120 0 0 0 0 0 296 0 0 62 0 162 332 651 163 677 0 62 0 889 998 0 396 822 473 233 461 0 0 691 511 927 569 502 0 254 678 103 8 20 794 48 182 481 83 0 245 111 835 0 0 297 398 960 842 0 640 474 757 0 447 344 0 920 0 199 323 974 344 0 985 136 230 95 778 989 859 0 500 633 943 363 462 683 0 421 415 615 0 153 529 59 54 0 0 904 582 659 518 510 66 726 877 0 144 655 501 312 482 43 998 0 614 179 658 313 0 0 
971 0 311 797 519 921 0 953 496 360 0 0 323 0 96 436 374 0 0 87 651 0 922 77 216 197 0 516 474 440 362 0 0 626 676 0 794 469 0 871 259 146 789 939 861 0 610 0 0 729 121 194 694 46 41 780 246 152 428 467 32 0 656 651 166 663 549 450 85 564 0 209 671 544 977 0 816 465 747 884 0 6 0 197 0 0 311 274 327 171 107 600 0 944 0 165 48 0 0 0 195 223 0 832 393 364 849 715 91 299 984 376 404 219 654 388 0 874 999 746 35 198 339 721 0 0 0 354 177 366 365 0 272 366 421 0 997 947 286 308 478 52 747 658 0 229 444 49 383 715 508 978 902 0 837 177 0 405 146 0 825 0 0 79 364 646 974 0 
410 0 0 0 711 19 0 618 483 0 548 734 622 175 106 801 243 434 72 57 0 397 735 965 784 304 262 441 32 75 750 537 228 0 259 304 629 219 595 505 107 919 134 726 0 467 0 534 752 0 854 855 890 0 147 48 27 971 284 975 568 0 84 335 777 306 817 527 850 704 465 44 0 754 611 0 984 954 931 478 908 620 440 0 408 823 0 0 540 431 430 189 431 576 0 0 149 0 628 0 894 0 238 610 838 23 51 782 0 354 441 386 377 182 450 43 0 200 175 940 465 705 606 0 0 407 745 0 56 0 167 142 0 686 415 997 0 490 0 60 351 856 679 861 0 368 863 881 641 0 0 0 0 297 0 523 0 63 660 167 0 926 398 186 752 904 0 590 
0 958 537 364 0 364 326 564 685 808 0 823 729 328 181 721 496 926 0 151 0 419 104 415 146 284 0 0 561 277 52 0 716 131 853 79 0 246 750 376 0 432 642 482 0 712 743 404 173 61 446 691 12 396 926 0 70 705 0 572 773 499 0 0 106 719 826 26 997 541 17 0 0 863 0 0 252 0 0 184 188 708 244 279 305 592 836 73 781 113 730 513 688 763 0 550 736 598 882 154 0 585 863 0 796 0 790 940 698 580 568 599 419 73 161 0 0 240 749 704 0 0 363 50 0 0 0 295 649 0 288 215 413 0 615 947 490 0 970 282 27 528 961 0 30 356 26 0 0 425 229 0 59 672 680 914 803 46 548 520 0 0 0 734 123 0 544 742 
348 355 0 376 57 32 61 815 56 529 0 191 70 0 0 852 0 748 617 37 273 74 351 831 924 527 828 730 447 249 260 0 499 0 729 0 0 338 964 468 370 48 742 937 0 0 658 0 0 638 0 247 637 52 553 623 316 0 717 0 546 56 906 91 455 904 232 0 0 74 27 687 44 670 592 158 452 412 476 309 556 431 764 0 194 905 0 724 899 877 244 588 731 765 338 853 970 200 719 716 401 988 32 220 634 361 0 0 596 983 795 802 354 700 29 0 830 21 268 371 921 758 967 844 880 442 968 718 0 535 45 0 414 68 0 286 0 970 0 0 57 446 805 802 0 0 556 215 139 73 562 50 0 0 697 720 978 409 0 743 0 0 46 899 743 864 910 524 
282 0 910 0 213 413 282 728 28 183 0 960 603 271 291 0 11 960 617 486 0 191 481 618 516 0 0 0 0 188 900 549 679 905 382 245 0 969 491 95 0 0 506 386 623 602 521 679 849 303 0 845 0 571 798 300 606 394 237 673 0 0 0 214 0 0 43 0 493 821 900 255 0 10 560 246 361 792 936 547 360 806 179 0 938 601 691 378 743 335 618 970 726 653 80 0 244 705 972 332 754 671 0 0 0 0 0 712 914 560 0 524 84 778 125 600 285 566 430 0 69 106 977 556 459 301 416 0 651 0 242 0 142 0 153 308 60 282 0 0 941 0 0 447 827 310 0 937 536 900 386 714 284 437 0 0 632 0 271 0 0 237 601 548 0 246 56 815 
135 326 40 496 405 0 0 0 0 0 0 42 318 684 0 615 967 927 159 611 0 653 665 448 0 0 0 502 781 39 0 956 308 887 0 789 426 461 408 798 757 317 12 419 78 902 976 557 733 487 458 0 825 626 437 402 348 309 0 595 0 0 269 0 186 951 744 67 853 311 0 0 0 891 963 749 662 398 475 0 14 863 0 391 0 0 451 11 6 412 446 0 457 0 0 369 813 0 392 490 744 715 762 207 716 0 755 346 429 0 828 0 0 204 488 806 890 598 942 727 0 478 967 312 123 817 116 864 252 535 135 0 0 421 529 478 351 27 57 941 0 517 580 932 929 430 474 973 0 0 32 420 675 0 0 23 451 999 0 144 511 370 0 796 436 383 199 510 
576 456 0 513 745 9 0 89 48 0 0 547 0 438 365 372 0 0 100 768 332 737 113 843 981 168 0 0 539 0 438 563 0 456 0 70 0 196 167 415 508 0 206 439 397 726 665 0 956 0 498 120 347 660 0 520 0 340 799 749 417 369 494 0 422 0 0 312 523 864 317 0 405 23 125 982 280 0 0 0 20 0 436 122 826 848 0 107 713 407 0 382 841 908 0 803 281 591 829 934 788 557 0 331 366 688 313 353 220 622 48 875 0 0 238 469 656 593 257 0 0 0 356 0 0 0 332 752 719 943 675 496 0 401 59 52 856 528 446 0 517 0 883 0 0 608 748 730 415 103 432 877 430 458 13 999 501 0 155 0 833 243 181 0 0 230 0 194 
901 0 83 943 0 905 0 632 744 997 0 863 168 0 0 810 452 587 226 218 934 994 0 285 0 427 144 763 365 0 738 517 186 715 0 277 636 353 394 0 827 0 0 10 206 195 76 425 280 223 181 493 645 770 329 154 661 895 0 435 0 80 933 0 102 916 368 669 472 781 329 341 548 1 629 730 0 0 137 0 777 81 826 0 0 380 79 615 247 0 0 0 0 487 0 283 0 379 0 812 402 0 0 247 538 322 441 392 113 626 610 713 0 0 23 346 339 906 336 510 401 794 515 0 0 0 799 96 0 0 678 0 0 73 54 747 679 961 805 0 580 883 0 136 314 795 587 435 94 75 0 863 116 829 173 843 0 576 832 0 351 115 0 753 0 696 831 0 
132 782 347 743 971 49 156 0 0 408 620 1 400 353 240 977 421 44 0 207 920 0 560 795 0 528 988 265 0 741 0 368 431 773 0 0 634 195 443 131 726 976 0 0 604 0 955 488 563 0 676 996 830 571 739 899 552 0 0 0 268 934 496 969 0 0 672 496 831 344 540 0 554 0 915 250 26 45 560 971 972 662 288 840 190 0 0 948 372 600 0 868 546 0 62 666 39 891 276 86 638 895 0 320 0 0 0 790 866 413 294 0 718 648 697 71 0 0 173 815 750 866 0 998 61 0 0 193 486 0 948 709 586 79 0 658 861 0 802 447 932 0 136 0 609 206 723 0 0 816 831 0 206 856 780 681 784 227 59 15 0 692 399 937 879 485 706 547 
500 0 0 123 247 309 527 749 347 138 473 372 527 386 0 712 656 868 307 390 155 882 0 909 914 287 0 717 219 941 343 503 22 0 0 358 0 0 928 435 249 241 347 498 0 102 993 531 408 878 772 62 941 514 48 554 29 0 464 54 0 513 0 0 910 89 0 0 354 977 680 118 0 93 794 39 333 0 171 0 480 574 323 102 694 412 0 747 0 295 0 733 181 0 520 0 0 0 853 300 180 771 0 873 0 335 817 711 208 397 354 662 543 0 0 0 0 0 933 0 0 991 969 0 0 954 960 515 0 617 899 691 32 832 0 0 0 30 0 827 929 0 314 609 0 114 684 0 256 927 304 0 955 0 898 525 380 0 560 66 503 769 703 440 496 78 525 0 
818 0 964 0 0 0 260 861 949 580 599 906 788 25 786 0 703 0 621 0 958 0 461 621 314 936 792 365 746 0 574 275 871 426 441 238 492 881 47 198 952 660 702 0 0 146 0 0 360 0 453 0 202 69 121 550 233 998 861 0 940 833 466 0 988 851 0 715 876 0 60 0 402 596 0 258 78 0 666 0 0 135 882 0 939 730 620 0 0 0 577 0 640 150 188 550 7 0 0 351 807 0 647 677 97 0 733 821 888 225 0 0 0 298 0 143 716 579 801 450 521 760 614 0 117 256 813 468 0 0 896 0 55 0 904 229 368 356 0 310 430 608 795 206 114 0 0 0 398 497 97 596 523 466 703 307 170 0 532 0 401 796 513 2 307 960 79 426 
964 622 500 0 754 0 768 636 663 595 0 345 500 0 484 0 373 35 0 789 317 623 0 557 202 127 984 897 920 196 280 0 337 774 78 0 0 256 433 295 454 634 94 0 984 814 0 478 20 0 638 63 0 174 497 972 684 879 221 227 626 867 142 955 379 637 231 486 503 765 74 859 240 358 0 562 668 495 0 0 782 605 337 345 0 33 0 21 885 995 31 169 720 0 99 689 544 980 29 381 203 388 757 543 994 0 595 78 0 793 319 0 175 541 146 60 981 359 136 377 201 0 748 370 0 815 147 228 0 0 0 120 0 0 582 444 863 26 556 0 474 748 587 723 684 0 0 845 686 0 184 0 0 0 119 895 0 0 919 0 423 326 174 436 0 454 645 450 
645 395 146 426 298 592 353 412 711 786 666 180 761 870 580 0 0 358 0 328 515 348 157 771 35 0 638 514 506 278 0 59 0 691 148 0 194 861 650 292 222 0 204 528 71 0 0 77 264 0 0 867 0 656 349 470 170 897 0 524 824 94 640 928 322 159 403 0 288 679 712 321 0 0 910 681 0 0 294 363 0 0 0 916 247 0 92 0 737 222 0 0 0 19 331 828 0 230 191 549 0 0 443 547 505 0 308 101 0 811 374 966 777 311 40 743 993 0 687 0 0 57 0 952 950 2 956 651 482 442 37 66 891 277 659 49 881 0 215 937 973 730 435 0 0 0 845 0 903 375 0 183 541 811 311 247 467 78 597 0 653 25 784 835 357 847 567 569 
727 645 109 0 57 392 52 0 297 0 722 74 689 998 0 0 449 161 626 530 714 80 471 962 447 39 911 572 528 159 729 272 900 0 0 260 0 588 0 776 0 223 81 988 20 0 0 880 914 735 264 784 0 0 0 592 0 984 705 82 0 7 0 0 412 351 29 911 0 6 590 868 198 0 373 192 0 958 981 629 327 59 20 267 292 653 772 378 337 0 695 899 411 376 424 139 512 439 527 696 0 727 987 282 783 297 0 699 522 0 636 249 996 243 284 0 796 0 595 0 342 135 913 0 77 497 856 127 658 185 332 45 0 578 518 383 641 0 139 536 0 415 94 0 256 398 686 903 0 179 236 737 923 252 178 0 485 550 748 986 177 429 831 0 467 16 514 0 
0 300 0 581 354 0 0 191 957 0 315 202 616 24 1 321 741 229 458 135 0 563 473 673 100 347 0 0 59 450 152 12 184 0 67 229 509 0 0 0 0 381 127 0 0 366 274 51 472 280 930 779 670 276 965 477 881 482 321 0 0 572 118 122 189 758 0 228 183 618 514 0 847 981 0 0 331 80 7 342 732 0 0 103 248 273 0 438 565 119 851 0 828 348 981 478 4 0 0 316 868 0 0 385 855 0 0 265 449 12 0 284 120 39 536 560 0 968 700 902 31 508 621 449 528 0 247 285 295 247 107 686 191 325 510 715 0 425 73 900 0 103 75 816 927 497 0 375 179 0 844 641 886 329 264 241 541 837 925 683 9 452 874 925 662 993 0 932 
736 581 164 529 955 184 142 678 0 0 666 883 0 494 189 135 216 927 68 42 747 18 326 0 0 130 70 934 725 916 848 191 214 0 174 444 524 756 0 58 14 819 351 884 0 845 0 602 0 882 379 883 0 544 275 815 75 247 710 0 301 0 418 231 143 859 886 304 123 0 819 433 696 127 0 0 480 218 546 456 297 986 648 0 54 861 675 430 274 523 881 210 365 854 874 926 708 124 0 0 13 719 729 64 0 560 160 206 256 6 572 446 578 0 587 0 653 598 920 295 925 0 203 515 0 319 661 835 0 0 873 98 0 45 66 508 0 229 562 386 32 432 0 831 304 97 184 0 236 844 0 701 622 333 850 684 977 876 148 0 657 0 605 203 577 49 0 0 
0 0 331 0 0 170 931 0 533 473 882 171 251 704 0 269 364 158 363 376 627 481 219 0 26 188 321 361 762 596 926 0 0 430 0 0 657 0 0 894 0 111 178 563 987 850 891 689 452 587 575 0 579 222 940 258 922 10 382 963 139 423 0 250 902 0 276 203 55 568 528 913 163 0 919 220 435 0 515 792 0 0 0 285 0 981 792 61 567 384 923 497 284 945 0 774 0 96 266 723 939 973 822 648 11 592 717 525 851 0 0 965 0 221 52 312 503 724 0 0 891 0 534 0 0 0 794 0 514 350 0 0 0 919 726 978 0 0 50 714 420 877 863 0 0 596 0 183 737 641 701 0 158 720 693 204 556 872 593 657 604 144 324 0 85 56 113 153 
138 592 697 0 805 557 47 3 640 0 404 0 0 72 182 0 575 0 288 0 442 0 26 175 2 263 753 194 933 487 0 782 512 30 477 703 0 732 655 779 0 772 883 769 525 412 582 330 407 23 0 187 44 916 0 68 273 619 0 0 335 857 609 999 0 459 647 221 34 550 679 85 695 0 0 843 654 0 573 870 0 146 617 568 405 657 68 0 0 571 984 77 942 773 593 199 229 746 506 319 737 516 294 270 572 0 0 918 0 555 754 68 0 0 3 602 151 609 504 915 401 379 0 646 261 60 898 334 403 698 397 471 273 892 877 902 0 59 0 284 675 430 116 206 955 523 0 541 923 886 622 158 0 0 0 0 944 0 342 534 0 771 0 474 0 0 820 0 
29 993 802 0 0 454 42 832 0 0 353 717 231 883 127 763 194 792 886 0 981 925 583 0 0 400 794 741 436 0 416 30 549 458 0 495 0 114 458 229 677 312 56 314 465 665 0 501 309 284 315 310 894 830 144 691 982 450 625 437 268 77 0 153 352 102 83 159 844 814 180 0 695 453 953 0 373 83 229 422 368 239 328 160 202 0 825 0 822 766 890 900 136 540 779 146 0 788 477 538 0 920 454 812 778 0 0 714 772 574 0 801 792 941 0 962 475 0 310 687 718 518 49 193 562 0 532 729 467 0 224 0 207 0 0 0 297 672 0 437 0 458 829 856 0 466 0 811 252 329 333 720 0 0 312 994 647 319 553 0 131 634 304 0 178 491 286 730 
0 0 802 138 0 0 855 188 0 391 854 760 128 77 435 495 0 939 248 979 0 1 106 244 457 861 0 530 398 967 715 0 325 206 993 0 0 790 77 318 0 133 346 0 956 794 0 651 553 0 6 315 376 152 498 222 0 0 0 668 497 553 0 687 498 439 233 904 445 591 280 0 566 0 0 0 53 339 814 965 153 933 927 633 922 137 265 126 715 355 0 994 0 35 379 468 947 854 613 0 948 986 490 685 670 776 656 743 477 208 0 0 0 0 764 132 709 0 0 581 387 380 0 227 847 269 787 819 575 0 0 415 0 646 144 837 0 680 697 0 0 13 173 780 898 703 119 311 178 264 850 693 0 312 0 799 506 700 835 764 49 583 481 977 925 359 273 812 
13 59 162 758 0 380 48 0 283 901 209 0 469 78 0 872 713 605 0 0 0 243 255 322 731 247 0 764 330 760 132 0 0 972 345 123 523 0 0 0 343 423 0 633 941 453 36 0 834 886 554 119 0 211 376 910 789 782 505 683 312 0 869 393 807 496 579 848 2 289 630 985 0 118 660 0 626 0 683 0 78 253 660 292 0 454 233 808 0 808 0 566 0 523 244 563 0 727 47 42 0 454 466 8 0 602 0 410 707 131 289 0 0 109 408 661 0 554 582 798 23 776 305 57 616 614 243 0 88 197 760 0 81 137 655 177 523 914 720 0 23 999 843 681 525 307 895 247 0 241 684 204 0 994 799 0 269 117 0 910 684 838 243 755 0 240 902 0 
820 781 670 744 539 53 488 389 0 734 692 488 0 586 312 284 844 501 548 0 304 0 51 0 165 404 407 118 682 113 454 0 845 677 739 562 727 887 0 895 701 919 128 278 0 0 0 24 431 31 503 32 0 619 0 988 971 520 0 412 0 583 0 372 987 469 937 0 652 896 202 933 157 384 544 992 0 0 410 696 190 553 768 701 992 403 535 404 715 647 830 752 0 259 0 93 700 208 52 441 755 638 822 875 274 744 112 339 0 368 846 0 0 69 0 0 309 481 889 0 182 675 918 0 494 754 306 717 402 0 912 0 707 459 501 0 0 803 978 632 451 501 0 784 380 170 0 467 485 541 977 556 944 647 506 269 0 75 0 724 0 491 574 365 581 374 858 86 
83 0 321 656 0 0 987 437 0 521 858 0 864 207 0 427 0 887 862 0 0 415 227 994 390 0 789 509 551 314 948 820 621 403 148 557 946 792 780 663 233 695 708 0 103 852 973 698 168 115 248 255 362 0 946 240 879 577 0 555 499 847 412 750 191 520 460 271 0 187 0 285 0 0 375 315 0 476 905 30 758 0 726 416 742 593 0 426 7 144 249 503 93 477 338 471 16 568 343 312 837 360 0 102 0 465 177 309 552 430 957 167 926 620 19 0 0 309 0 723 546 765 0 991 494 567 238 999 0 0 741 595 900 984 312 405 63 46 409 0 999 0 576 227 0 0 0 78 550 837 876 872 0 319 700 117 75 0 644 375 282 520 0 288 640 0 610 275 
283 677 0 956 720 0 0 507 507 537 142 445 935 579 0 727 990 0 597 981 365 0 82 0 568 0 334 812 362 115 393 631 0 423 0 14 426 244 682 674 67 101 805 545 723 802 234 968 232 0 0 41 987 372 556 0 460 547 967 884 0 468 300 934 642 148 51 632 0 822 0 612 903 0 0 515 822 182 553 94 432 581 928 0 396 269 262 264 242 881 0 0 202 36 649 869 21 424 709 362 0 168 167 836 192 817 664 0 0 689 297 434 796 849 108 521 841 102 787 84 0 868 553 0 0 160 805 640 925 316 569 649 0 775 482 146 660 548 0 271 0 155 832 59 560 532 919 597 748 925 148 593 342 553 835 0 0 644 0 0 881 457 584 532 0 0 759 351 
833 416 214 767 826 839 21 50 456 429 0 963 272 925 580 684 0 108 603 930 644 577 99 0 0 719 0 0 0 972 0 910 139 334 924 659 373 566 769 84 237 553 239 488 41 0 185 0 857 0 370 433 0 184 56 419 459 647 495 68 506 105 243 890 504 698 833 70 554 0 370 492 667 318 892 0 342 404 384 0 901 0 228 580 599 951 516 401 258 322 0 280 855 376 60 337 6 484 166 484 24 387 788 516 696 0 43 85 834 764 0 711 103 475 273 536 410 466 597 928 0 0 0 661 0 759 0 941 226 638 148 482 494 259 43 0 167 520 743 0 144 0 0 15 66 0 0 0 986 683 0 657 534 0 764 910 724 375 0 0 942 0 630 155 814 962 952 8 
0 981 302 0 180 912 260 108 714 784 55 325 0 569 470 104 0 566 975 123 430 702 47 0 976 265 614 916 225 0 0 790 929 0 525 256 977 476 257 616 399 273 0 0 715 613 0 56 0 726 577 0 211 373 456 0 918 0 0 0 387 337 17 235 410 41 569 0 341 506 0 0 0 519 500 0 0 128 353 274 917 731 919 115 803 985 905 20 398 672 591 484 374 816 0 536 238 412 653 0 0 388 126 320 0 936 323 881 0 998 0 700 938 581 0 104 869 0 813 0 0 650 0 0 0 667 334 228 8 0 392 887 167 942 998 825 0 0 0 0 511 833 351 0 503 401 423 653 177 9 657 604 0 131 49 684 0 282 881 942 0 0 0 769 289 0 0 0 
0 514 342 285 612 12 663 659 697 748 642 0 397 0 0 100 0 413 0 967 803 896 0 0 890 929 876 742 664 67 74 0 198 0 361 286 558 73 388 751 696 985 529 186 783 694 0 0 855 222 0 271 0 0 879 273 301 193 0 733 0 15 613 0 586 0 351 440 0 701 0 0 450 966 0 0 161 940 75 0 54 809 454 0 549 18 0 744 89 0 278 652 228 202 805 1 688 217 168 814 515 88 423 896 528 0 412 0 443 537 880 759 213 0 0 317 879 0 0 933 370 84 0 0 516 901 670 619 663 0 45 386 760 964 0 0 926 0 0 237 370 243 115 692 769 796 326 25 429 452 0 144 771 634 583 838 491 520 457 0 0 0 0 477 316 437 493 714 
888 0 782 0 111 771 241 812 0 0 618 49 289 0 0 689 248 0 879 93 480 128 0 836 377 24 0 596 382 0 509 0 711 0 471 0 704 167 123 3 815 605 380 559 0 0 0 974 146 0 0 0 774 316 766 959 963 182 704 0 849 427 0 499 975 0 675 146 958 708 0 0 709 942 428 630 196 0 864 807 0 458 753 943 0 0 720 745 0 763 393 382 0 0 459 0 246 276 266 472 370 715 42 28 0 208 0 571 0 257 295 0 738 0 732 740 0 218 0 390 398 649 226 899 0 980 689 127 609 0 855 545 768 183 614 0 398 0 46 601 0 181 0 399 703 513 174 784 831 874 605 324 0 304 481 243 574 0 584 630 0 0 0 318 839 649 149 0 
546 859 283 0 739 281 0 978 604 773 850 0 919 823 45 0 36 680 461 616 413 0 0 770 0 589 0 0 954 254 226 0 0 0 275 0 0 94 782 254 608 385 647 0 0 179 0 0 0 0 0 892 0 867 633 14 720 153 590 893 0 18 937 0 0 648 906 512 798 0 870 162 0 507 607 490 136 834 219 743 700 0 992 0 0 757 109 896 0 279 345 92 0 730 943 692 311 108 938 240 0 589 638 0 0 756 914 374 415 799 0 480 761 257 379 666 379 584 429 585 0 233 0 0 785 480 287 743 566 991 347 0 100 993 179 79 186 734 899 548 796 0 753 937 440 2 436 835 0 925 203 0 474 0 977 755 365 288 532 155 769 477 318 0 401 657 828 435 
898 515 741 290 0 737 0 815 0 715 955 330 400 0 536 484 0 343 48 0 297 953 755 882 901 0 0 632 8 268 285 67 699 797 317 36 0 867 95 235 624 17 0 0 308 748 247 212 851 222 427 0 0 0 652 130 865 19 150 629 684 891 609 962 0 178 227 621 0 68 0 47 0 0 129 464 958 0 298 974 629 607 0 0 962 0 519 425 0 0 338 814 0 0 139 88 259 0 581 806 446 926 0 648 0 955 321 383 421 0 0 591 146 659 847 432 0 865 0 606 494 885 692 277 711 505 570 901 900 811 643 342 0 806 658 364 752 123 743 0 436 0 0 879 496 307 0 357 467 662 577 85 0 178 925 0 581 640 0 814 289 316 839 401 0 196 0 0 
906 435 936 203 501 0 0 107 152 274 845 728 255 424 218 70 104 433 580 384 0 745 792 0 0 207 959 0 419 658 457 581 395 8 866 548 494 0 219 727 0 376 986 0 933 65 0 378 898 469 941 0 975 342 707 625 0 722 21 624 714 0 739 0 836 762 366 610 0 613 399 527 841 285 354 305 225 0 0 0 632 657 586 799 884 930 114 0 468 525 538 668 524 236 760 0 982 850 314 0 576 0 385 274 569 660 290 690 804 0 131 0 978 723 450 735 0 699 0 613 0 0 0 967 858 248 181 0 0 522 609 0 279 650 313 646 904 0 864 246 383 230 696 485 78 960 454 847 16 993 49 56 0 491 359 240 374 0 0 962 0 437 649 657 196 0 638 441 
0 0 0 888 541 619 508 0 278 381 827 94 262 398 529 0 0 996 701 15 0 694 597 0 741 646 0 234 416 0 0 0 988 917 292 0 424 937 0 0 739 120 692 545 752 96 456 710 594 0 977 0 0 49 984 66 0 654 206 93 0 952 685 382 846 843 850 677 0 987 164 777 731 566 0 874 0 476 275 0 0 119 545 0 947 560 426 56 134 818 478 658 883 259 0 18 0 956 85 278 101 752 0 416 651 22 839 281 211 0 0 757 0 0 329 956 473 804 970 429 344 0 0 470 0 177 645 0 446 682 0 171 0 510 0 974 0 544 910 56 199 0 831 706 525 79 645 567 514 0 0 113 820 286 273 902 858 610 759 952 0 493 149 828 0 638 0 684 
871 268 702 843 620 0 750 381 882 13 0 945 694 336 414 0 260 596 372 0 0 0 380 424 540 810 613 29 281 993 917 1 168 124 0 93 0 0 0 0 818 884 884 243 871 12 144 0 710 337 67 279 146 833 0 0 0 739 370 0 0 0 115 427 593 351 216 133 503 151 353 408 130 0 348 0 0 406 933 0 0 0 892 35 468 954 809 0 594 893 723 683 404 277 251 0 425 43 328 0 621 577 322 8 469 0 779 606 682 443 937 367 161 933 0 568 719 314 452 0 197 474 0 416 514 150 342 946 366 418 816 0 847 611 0 0 590 742 524 815 510 194 0 547 0 426 450 569 0 932 0 153 0 730 812 0 86 275 351 8 0 714 0 435 0 441 684 0 
