0 863 905 531 10 203 567 234 185 158 32 0 0 291 36 0 614 0 0 769 0 128 375 194 0 0 359 0 0 0 0 231 0 616 947 903 227 0 845 85 431 0 0 403 862 472 0 432 0 0 185 594 209 80 454 607 0 772 295 0 395 307 192 755 0 928 0 687 406 0 135 820 933 493 0 659 783 0 759 567 361 310 694 0 12 546 795 632 670 691 0 616 190 248 866 0 916 0 726 405 486 441 144 214 16 0 62 717 432 195 643 68 0 0 732 186 32 0 0 244 709 521 197 532 826 40 211 914 458 705 539 37 389 
863 0 91 0 869 50 307 0 643 0 73 388 0 434 295 901 0 809 840 432 542 590 301 0 757 737 44 0 0 74 0 0 636 599 16 0 659 226 0 447 323 0 673 10 0 553 628 453 689 911 570 714 270 914 473 561 272 407 789 850 32 77 1 903 146 902 894 255 871 878 382 241 689 729 0 34 208 24 140 99 343 113 998 0 743 283 279 750 0 510 127 658 867 560 461 0 359 258 11 911 585 40 0 405 175 295 971 0 400 0 928 964 818 0 0 550 204 0 61 0 314 311 985 501 669 144 78 0 0 0 167 882 118 
905 91 0 287 947 0 865 735 0 563 94 868 0 445 954 234 0 641 0 261 409 54 197 466 512 0 410 449 123 0 624 0 66 511 0 130 0 641 896 627 798 0 0 0 977 144 367 212 967 885 190 0 0 0 291 887 81 359 738 0 15 753 33 179 485 658 644 0 340 76 72 22 618 321 613 359 371 429 413 739 525 961 863 0 676 332 856 418 0 29 770 752 700 799 225 0 176 0 194 436 0 680 177 70 417 0 34 527 847 367 426 885 356 703 559 940 977 751 0 394 120 733 551 376 36 345 495 609 605 0 348 214 415 
531 0 287 0 0 256 646 665 530 0 109 0 153 357 0 0 239 0 697 120 0 484 870 0 738 881 915 378 0 162 0 751 803 619 16 0 763 813 534 333 786 212 648 568 650 706 577 66 116 158 241 657 928 850 0 637 239 718 73 749 0 0 5 0 934 398 284 617 0 91 993 558 45 807 552 675 541 0 0 470 689 120 207 642 13 21 0 927 678 343 0 96 101 269 334 233 896 518 156 122 885 204 764 541 947 0 166 49 490 0 717 174 0 0 0 0 0 297 0 0 0 655 463 0 345 0 925 880 636 701 584 558 506 
10 869 947 0 0 0 588 385 814 0 923 0 217 884 0 234 0 964 0 0 0 640 796 723 151 112 0 0 0 0 414 569 310 648 189 0 228 898 295 0 381 452 470 830 520 160 102 216 759 41 147 696 504 471 110 182 646 324 683 623 0 868 0 182 851 0 0 0 37 472 780 0 0 115 284 693 357 84 451 310 201 185 648 220 0 0 409 933 85 776 254 696 878 876 0 897 0 0 515 0 302 309 0 0 970 588 0 487 115 0 129 424 478 161 280 245 549 696 0 544 19 143 457 462 9 0 0 902 580 788 0 704 681 
203 50 0 256 0 0 0 433 16 100 695 265 180 469 520 866 0 958 0 546 49 0 766 757 947 337 681 823 623 0 0 250 0 0 57 691 370 190 290 635 0 0 694 0 868 338 0 902 167 465 0 42 81 788 727 583 576 395 259 922 340 425 465 539 28 116 48 0 0 0 280 923 0 128 281 371 0 725 821 0 93 0 235 913 10 749 0 633 833 544 477 738 1 939 645 693 48 0 0 0 212 667 882 916 0 595 0 714 0 820 160 20 0 298 0 73 321 0 0 557 0 573 187 0 543 617 0 988 620 823 295 850 158 
567 307 865 646 588 0 0 0 753 591 65 268 249 907 734 603 0 425 196 578 914 438 747 0 730 554 0 786 858 0 210 469 0 31 435 291 646 0 711 927 0 661 132 0 4 284 33 0 920 736 346 480 99 37 0 0 429 262 756 0 999 996 645 49 760 92 0 0 236 42 0 843 884 92 611 887 9 378 782 75 787 567 773 100 813 0 133 516 105 976 738 310 490 645 251 0 194 743 0 718 704 0 997 519 0 0 303 562 403 0 0 0 0 0 413 749 843 909 857 763 582 0 983 507 844 432 897 993 0 411 383 456 876 
234 0 735 665 385 433 0 0 668 398 70 787 720 11 0 162 0 484 0 242 0 0 500 932 0 590 808 603 334 319 369 564 511 956 547 617 246 555 0 348 0 0 728 855 541 0 181 880 391 25 446 0 0 0 90 933 191 0 423 753 766 0 372 839 887 561 549 379 436 135 324 750 827 213 0 79 611 270 82 823 0 0 481 362 349 0 0 61 319 339 123 574 342 946 415 657 437 64 495 0 885 0 161 202 249 795 243 744 834 689 461 0 382 159 0 800 137 920 352 122 191 0 26 121 93 109 708 83 0 763 0 893 68 
185 643 0 530 814 16 753 668 0 0 511 838 132 664 210 394 452 121 0 168 794 556 168 833 328 0 0 850 264 706 513 7 43 334 0 0 0 432 430 473 26 813 794 139 560 976 0 875 0 60 40 549 935 228 309 675 492 250 0 0 899 0 470 611 522 332 777 217 0 0 84 67 112 227 563 475 432 0 17 475 161 352 804 370 826 759 0 0 0 248 131 134 855 169 0 562 880 549 619 44 853 492 0 0 0 123 932 36 497 28 83 288 0 30 79 977 505 866 52 641 0 784 180 0 768 0 723 189 56 858 0 128 328 
158 0 563 0 0 100 591 398 0 0 456 0 288 981 274 670 749 455 81 0 541 672 0 0 477 562 0 903 433 0 0 575 601 0 0 0 738 730 267 0 527 0 988 719 973 0 125 807 393 0 915 99 671 0 186 163 440 569 0 653 817 589 625 0 102 290 974 434 0 544 154 571 452 0 0 0 0 365 854 642 582 20 789 843 433 43 995 792 360 749 331 0 308 39 0 705 590 861 993 76 547 487 215 614 0 841 0 0 0 631 764 171 733 0 173 387 930 669 739 712 0 0 0 847 884 713 132 868 0 813 0 0 630 
32 73 94 109 923 695 65 70 511 456 0 54 0 726 6 0 0 185 210 557 442 80 0 758 381 288 974 0 855 56 124 274 824 0 260 487 354 942 0 872 789 60 776 845 768 258 314 610 954 0 0 0 822 628 358 135 551 380 512 945 764 530 123 181 835 589 506 815 376 645 637 449 708 216 894 0 0 653 0 755 299 696 148 986 787 840 599 874 608 168 0 570 412 384 648 0 416 481 783 546 579 71 99 257 0 0 760 761 854 407 255 105 471 0 0 794 536 671 0 0 0 371 504 0 0 0 0 334 880 0 83 730 49 
0 388 868 0 0 265 268 787 838 0 54 0 972 440 838 0 803 886 505 68 685 0 293 355 0 0 909 728 593 495 704 702 897 945 956 187 0 767 394 216 0 235 47 363 0 28 0 671 659 0 156 0 513 0 313 0 230 239 250 900 947 0 257 721 0 751 25 293 261 133 543 179 887 985 422 0 476 35 238 134 349 612 847 0 737 0 0 667 243 905 238 302 32 65 497 0 967 595 0 0 689 636 628 122 461 0 107 37 801 53 629 320 0 0 43 445 0 126 26 256 932 993 0 959 527 844 311 129 0 308 806 961 560 
0 0 0 153 217 180 249 720 132 288 0 972 0 545 66 604 614 21 829 294 196 0 22 664 211 0 539 0 767 579 410 52 583 795 249 0 541 527 0 887 0 186 186 930 0 0 0 787 14 0 274 916 910 357 791 638 419 0 0 458 41 0 31 0 696 688 181 560 360 517 884 355 0 0 835 467 191 920 775 513 98 0 0 152 697 0 109 600 592 0 249 281 0 72 205 423 780 978 884 0 359 606 607 0 0 123 464 51 271 514 416 277 883 0 92 511 140 688 28 15 296 0 298 653 684 0 105 0 0 271 188 663 0 
291 434 445 357 884 469 907 11 664 981 726 440 545 0 219 98 757 907 498 107 564 985 0 780 414 613 866 442 0 524 888 0 0 584 612 598 926 248 0 520 0 0 312 14 0 560 0 87 694 128 0 233 0 0 516 0 497 0 882 0 0 499 250 109 515 362 135 46 767 72 0 515 634 435 309 0 893 290 580 0 0 227 495 228 132 881 72 471 607 683 483 0 0 499 579 894 355 0 116 171 824 0 201 326 581 98 0 0 0 0 230 304 867 727 824 0 0 636 0 607 0 370 395 815 0 267 873 281 0 832 731 0 170 
36 295 954 0 0 520 734 0 210 274 6 838 66 219 0 243 0 794 0 869 12 920 484 913 0 909 256 0 263 539 267 846 154 0 60 472 0 0 796 781 82 239 280 996 400 589 290 0 0 0 0 0 643 455 73 447 0 962 649 0 243 299 608 105 71 214 589 0 0 508 309 763 94 894 880 883 449 267 148 415 86 0 0 0 299 96 60 768 106 0 0 308 982 0 348 882 409 503 690 243 975 761 883 371 0 720 459 447 785 0 939 93 861 0 34 900 664 0 364 0 0 149 558 0 520 0 0 0 951 944 90 547 319 
0 901 234 0 234 866 603 162 394 670 0 0 604 98 243 0 0 35 0 639 896 0 191 0 0 256 643 333 0 0 0 0 0 650 317 0 79 133 0 465 690 878 998 542 123 0 163 944 910 163 719 0 280 0 0 0 472 541 0 8 557 91 328 138 0 659 127 380 197 0 952 725 343 342 49 429 348 924 492 0 854 311 489 0 844 256 830 602 181 381 925 504 955 645 0 376 306 522 459 108 0 486 296 0 0 0 0 334 0 840 900 0 0 941 431 589 967 909 457 970 488 0 376 871 693 652 342 0 909 110 761 903 143 
614 0 0 239 0 0 0 0 452 749 0 803 614 757 0 0 0 670 389 309 575 57 0 236 58 11 541 705 573 0 622 834 28 489 86 556 318 866 0 646 879 458 898 639 312 68 110 0 186 0 194 0 531 82 420 851 518 398 480 0 203 485 162 980 542 564 198 656 0 377 694 626 247 0 927 883 0 190 856 0 676 0 0 23 519 0 755 0 475 307 628 759 0 525 438 0 705 381 0 0 0 0 915 272 0 248 878 0 632 0 823 450 57 0 265 0 69 243 0 379 0 43 779 0 224 855 557 681 925 0 0 225 0 
0 809 641 0 964 958 425 484 121 455 185 886 21 907 794 35 670 0 501 227 477 395 0 161 83 0 710 698 844 0 0 440 821 0 0 0 0 903 795 632 505 923 770 432 0 409 188 960 141 444 0 28 0 419 602 321 349 0 871 933 828 752 288 135 374 357 0 0 0 77 0 0 508 961 915 306 552 830 608 506 265 0 758 0 882 0 486 0 95 854 490 604 292 0 268 263 0 0 0 960 422 0 0 385 543 690 469 0 113 0 260 524 0 787 0 856 0 0 833 199 0 785 0 130 0 375 0 998 0 0 888 381 225 
0 840 0 697 0 0 196 0 0 81 210 505 829 498 0 0 389 501 0 892 593 889 327 0 0 0 778 0 127 296 468 993 0 254 126 0 560 138 0 150 0 0 0 134 0 389 0 578 0 929 34 189 0 0 443 174 0 0 997 344 420 423 346 220 824 784 0 837 0 773 356 274 221 662 427 61 165 212 0 563 0 202 0 936 560 0 128 101 204 915 480 858 0 273 41 192 702 132 231 0 411 0 0 154 876 780 0 318 576 291 391 424 0 0 0 0 0 0 0 841 80 517 0 721 110 710 825 0 0 0 288 891 16 
769 432 261 120 0 546 578 242 168 0 557 68 294 107 869 639 309 227 892 0 165 620 46 592 214 212 518 252 490 780 0 0 0 37 331 877 0 204 979 206 847 401 446 526 147 0 277 976 745 0 67 603 109 0 0 0 941 0 569 349 0 0 492 661 680 0 660 0 871 223 180 346 621 646 0 991 545 863 319 580 0 0 0 612 580 760 46 782 941 703 43 0 955 0 592 143 736 0 713 69 333 0 573 526 725 0 231 437 489 489 688 745 492 406 0 520 0 834 672 457 195 845 214 371 0 428 0 217 290 0 582 829 868 
0 542 409 0 0 49 914 0 794 541 442 685 196 564 12 896 575 477 593 165 0 631 344 814 243 137 643 414 595 210 965 0 928 0 841 92 917 762 105 151 941 138 797 858 0 587 653 93 335 489 983 0 0 702 667 219 132 0 959 0 890 0 791 100 85 26 902 903 293 217 968 344 446 215 497 917 168 558 0 0 829 0 332 19 28 836 179 844 726 565 718 596 644 250 319 198 0 63 381 109 888 867 294 117 95 297 929 0 0 88 456 311 380 466 231 0 0 616 943 5 263 0 753 868 0 950 821 324 67 323 0 132 812 
128 590 54 484 640 0 438 0 556 672 80 0 0 985 920 0 57 395 889 620 631 0 69 0 0 292 0 913 801 600 414 541 709 0 415 317 958 874 963 0 787 0 0 0 716 391 892 7 950 925 611 134 65 189 114 0 645 269 0 188 667 831 510 940 0 0 554 0 342 0 271 569 136 308 99 0 600 970 74 918 363 434 31 247 439 0 12 873 839 607 0 881 987 836 233 697 550 553 104 191 445 794 0 903 297 541 316 35 7 431 986 0 532 0 872 626 352 0 419 816 445 609 376 0 200 0 389 0 663 0 536 0 0 
375 301 197 870 796 766 747 500 168 0 0 293 22 0 484 191 0 0 327 46 344 69 0 506 561 850 0 688 560 55 537 562 303 49 338 14 351 929 907 274 724 476 298 924 849 969 655 0 321 52 827 472 987 441 726 0 954 0 20 115 993 601 448 0 0 315 875 4 119 35 353 62 732 972 459 0 887 495 296 245 351 60 525 0 134 511 0 447 679 872 0 0 381 112 633 0 287 957 442 898 713 662 0 67 972 372 405 807 431 414 0 0 236 464 0 512 552 374 0 729 833 35 260 731 154 478 238 904 408 715 0 621 644 
194 0 466 0 723 757 0 932 833 0 758 355 664 780 913 0 236 161 0 592 814 0 506 0 0 0 0 0 851 315 680 0 415 0 493 67 0 194 0 92 777 898 791 878 0 0 535 0 0 0 298 933 993 942 939 889 708 417 0 857 565 960 83 787 264 211 377 730 43 687 933 0 0 951 697 386 701 0 534 446 905 797 0 0 955 0 218 568 320 350 400 503 676 485 0 346 0 601 730 407 741 272 144 235 0 0 682 916 242 705 715 604 0 66 845 302 958 765 357 561 0 42 243 0 395 525 446 0 372 608 0 0 56 
0 757 512 738 151 947 730 0 328 477 381 0 211 414 0 0 58 83 0 214 243 0 561 0 0 219 722 993 21 804 585 721 156 609 764 897 863 230 975 0 16 108 948 560 0 120 688 503 0 764 329 244 225 502 51 583 269 86 799 942 574 719 0 246 595 650 0 493 0 488 258 892 775 868 15 0 395 947 0 794 577 0 110 92 706 842 167 749 267 567 0 0 52 780 0 614 209 531 505 976 0 0 583 0 627 878 0 527 783 569 20 429 0 560 114 0 0 919 0 493 177 0 620 21 0 657 625 0 0 264 0 669 406 
0 737 0 881 112 337 554 590 0 562 288 0 0 613 909 256 11 0 0 212 137 292 850 0 219 0 232 958 456 0 470 633 781 396 882 87 872 707 831 0 118 393 32 0 338 226 853 539 929 900 468 407 441 882 36 595 74 276 940 0 584 0 476 291 45 0 376 485 550 877 76 0 180 424 799 557 465 317 37 999 194 333 325 679 88 155 0 923 765 777 0 31 440 345 0 714 545 886 0 322 1 0 782 350 79 0 0 328 199 549 945 195 324 218 0 124 0 779 450 201 841 970 469 375 176 149 710 25 0 0 970 833 0 
359 44 410 915 0 681 0 808 0 0 974 909 539 866 256 643 541 710 778 518 643 0 0 0 722 232 0 0 887 0 109 856 707 712 708 680 0 0 943 183 0 854 212 0 848 0 0 0 2 308 489 236 61 314 906 763 615 448 358 533 673 0 809 724 538 705 397 0 450 213 867 0 890 18 0 826 724 963 0 92 52 933 969 0 215 942 418 0 449 648 426 114 160 59 0 0 662 0 216 395 942 696 101 0 237 479 0 0 249 588 551 669 233 627 739 195 189 90 970 743 0 19 97 993 785 384 213 501 214 0 825 701 150 
0 0 449 378 0 823 786 603 850 903 0 728 0 442 0 333 705 698 0 252 414 913 688 0 993 958 0 0 0 113 346 42 196 0 0 978 769 0 0 923 0 0 0 0 73 0 964 234 124 748 256 0 0 375 0 138 639 896 455 718 939 0 0 0 290 465 0 0 656 0 284 463 46 0 54 684 0 563 22 251 0 816 854 345 739 962 307 474 0 0 390 441 628 488 79 633 568 0 708 961 290 58 163 0 729 0 871 954 900 0 910 373 886 0 923 572 0 884 100 0 631 0 0 542 520 738 0 62 0 891 91 0 872 
0 0 123 0 0 623 858 334 264 433 855 593 767 0 263 0 573 844 127 490 595 801 560 851 21 456 887 0 0 577 454 467 0 943 0 396 59 0 0 337 355 0 593 108 496 0 528 0 944 461 382 53 519 584 248 997 0 214 367 514 929 0 365 560 716 935 788 0 587 157 577 365 609 524 571 300 90 523 971 141 319 969 470 518 0 250 821 0 446 0 174 0 0 989 950 52 277 0 0 846 0 925 916 819 808 733 0 922 768 0 0 678 505 266 156 258 243 0 0 287 191 467 213 490 80 293 613 186 503 0 498 0 0 
0 74 0 162 0 0 0 319 706 0 56 495 579 524 539 0 0 0 296 780 210 600 55 315 804 0 0 113 577 0 398 447 728 0 0 0 84 854 0 53 429 752 647 208 495 0 897 0 993 0 567 261 0 644 719 859 0 0 925 0 79 0 571 392 0 540 0 0 564 0 566 876 73 354 0 493 0 0 808 786 346 93 100 827 0 0 0 0 98 147 0 41 101 908 503 0 0 873 0 0 52 933 555 0 0 0 0 132 462 0 0 935 805 894 660 513 712 124 97 0 0 401 356 38 107 198 473 650 416 830 798 166 951 
0 0 624 0 414 0 210 369 513 0 124 704 410 888 267 0 622 0 468 0 965 414 537 680 585 470 109 346 454 398 0 0 0 724 270 168 537 0 349 189 544 286 603 537 562 0 0 694 0 632 455 0 408 641 0 770 804 362 0 379 514 883 0 888 761 112 0 0 89 234 349 282 939 0 0 724 473 39 442 206 730 123 235 189 0 925 0 544 0 18 353 551 929 901 958 563 0 0 307 428 809 0 430 36 819 403 707 923 382 181 0 269 561 133 0 81 316 84 809 272 730 149 262 492 265 0 480 441 371 129 443 802 601 
231 0 0 751 569 250 469 564 7 575 274 702 52 0 846 0 834 440 993 0 0 541 562 0 721 633 856 42 467 447 0 0 61 825 715 668 0 46 51 477 358 403 747 151 14 394 0 0 260 183 0 743 169 0 0 706 473 820 0 0 56 0 640 790 0 739 0 0 394 991 677 772 523 737 0 114 473 0 268 399 530 922 539 275 902 53 140 365 366 559 0 664 0 795 803 24 133 0 917 659 0 659 817 0 992 352 0 58 0 666 933 452 213 804 172 62 490 778 194 899 888 0 998 282 43 0 251 117 461 14 83 0 617 
0 636 66 803 310 0 0 511 43 601 824 897 583 0 154 0 28 821 0 0 928 709 303 415 156 781 707 196 0 728 0 61 0 0 0 151 542 903 0 467 823 31 5 602 0 686 846 0 356 160 965 915 152 782 889 615 373 0 0 901 339 297 303 0 0 79 946 789 933 0 251 0 675 844 754 825 618 0 0 568 264 355 191 415 0 0 0 194 868 850 193 339 0 694 778 0 0 0 194 0 681 201 23 746 56 284 650 193 0 707 696 0 374 524 81 96 322 315 0 0 894 212 244 0 443 0 877 426 751 192 432 569 0 
616 599 511 619 648 0 31 956 334 0 0 945 795 584 0 650 489 0 254 37 0 0 49 0 609 396 712 0 943 0 724 825 0 0 215 0 0 336 493 629 367 227 0 0 172 254 0 535 174 333 300 0 775 369 0 842 544 328 0 0 0 306 782 993 437 547 90 780 702 463 583 63 43 289 839 113 444 52 695 0 345 0 0 0 658 0 686 304 582 446 831 0 393 759 0 282 0 529 745 337 0 291 686 127 692 475 158 0 0 0 403 0 0 570 0 366 384 638 0 0 0 0 0 102 0 869 371 464 0 0 946 511 641 
947 16 0 16 189 57 435 547 0 0 260 956 249 612 60 317 86 0 126 331 841 415 338 493 764 882 708 0 0 0 270 715 0 215 0 242 805 280 711 229 366 978 707 0 716 412 594 0 482 0 489 0 98 123 744 435 423 136 0 204 488 744 611 337 745 168 139 7 763 0 1 13 0 947 0 551 0 0 0 122 276 0 0 0 250 0 730 926 511 441 0 948 437 854 231 0 687 9 256 646 83 834 547 395 585 242 856 504 0 687 191 834 0 602 371 304 200 0 23 792 733 921 919 30 524 341 520 820 664 910 433 143 336 
903 0 130 0 0 691 291 617 0 0 487 187 0 598 472 0 556 0 0 877 92 317 14 67 897 87 680 978 396 0 168 668 151 0 242 0 416 568 723 0 141 845 0 0 666 535 0 26 991 0 0 658 439 0 66 83 844 892 0 913 617 529 339 776 0 372 565 0 490 36 971 534 0 642 0 881 0 0 0 341 368 152 0 0 867 833 814 712 450 738 0 351 607 301 319 288 728 671 0 889 0 884 0 492 407 794 606 486 951 818 364 0 311 270 718 0 220 208 638 810 387 369 127 813 414 0 604 222 395 658 251 204 410 
227 659 0 763 228 370 646 246 0 738 354 0 541 926 0 79 318 0 560 0 917 958 351 0 863 872 0 769 59 84 537 0 542 0 805 416 0 317 502 712 0 93 775 74 955 610 0 0 960 77 595 130 501 56 394 409 837 255 957 761 576 493 571 0 668 256 0 0 694 0 0 410 100 839 97 847 709 0 607 160 689 216 0 308 623 0 156 455 187 0 582 455 596 739 27 726 896 0 56 815 355 476 943 0 15 53 366 19 367 779 450 464 14 948 875 816 0 785 986 827 462 237 536 342 412 861 833 0 0 872 643 0 721 
0 226 641 813 898 190 0 555 432 730 942 767 527 248 0 133 866 903 138 204 762 874 929 194 230 707 0 0 0 854 0 46 903 336 280 568 317 0 562 0 49 636 491 0 940 0 268 854 251 954 0 967 0 331 684 926 298 234 668 0 15 580 70 0 312 538 109 0 155 0 0 763 696 0 0 0 132 0 268 0 861 0 693 347 779 7 626 558 928 412 617 96 81 959 188 147 405 408 305 702 147 640 257 722 905 933 83 880 459 380 563 32 275 0 777 717 808 0 601 286 0 0 79 308 493 0 0 198 83 406 398 0 545 
845 0 896 534 295 290 711 0 430 267 0 394 0 0 796 0 0 795 0 979 105 963 907 0 975 831 943 0 0 0 349 51 0 493 711 723 502 562 0 250 844 336 605 768 668 777 316 711 0 370 959 884 977 150 0 0 0 234 414 0 132 151 126 176 861 814 192 641 712 0 0 691 770 694 4 392 845 734 600 0 937 0 480 340 384 807 930 351 2 0 68 34 900 566 964 0 693 0 108 929 462 918 214 2 531 0 27 567 242 303 446 810 527 339 660 0 897 308 753 115 528 845 888 755 609 0 275 0 514 325 0 735 163 
85 447 627 333 0 635 927 348 473 0 872 216 887 520 781 465 646 632 150 206 151 0 274 92 0 0 183 923 337 53 189 477 467 629 229 0 712 0 250 0 464 681 0 566 0 647 331 812 953 0 0 540 268 0 753 193 522 502 130 0 0 0 0 979 22 430 380 0 0 229 987 380 0 343 379 31 0 0 0 82 0 42 391 569 499 214 523 0 328 525 0 493 728 34 878 0 392 108 0 950 103 432 909 987 179 0 739 376 0 163 952 187 55 696 70 434 255 723 0 488 644 92 26 338 266 719 0 956 795 737 981 0 174 
431 323 798 786 381 0 0 0 26 527 789 0 0 0 82 690 879 505 0 847 941 787 724 777 16 118 0 0 355 429 544 358 823 367 366 141 0 49 844 464 0 937 0 400 479 299 431 178 782 742 617 0 8 0 804 208 745 937 0 467 0 551 0 288 0 48 585 0 0 0 239 0 428 109 767 71 451 293 0 478 978 605 376 0 0 602 853 0 852 706 826 0 308 0 0 267 748 189 645 0 135 593 366 0 410 0 904 436 984 656 536 575 167 803 0 0 718 93 0 722 339 819 0 949 933 758 677 585 70 586 608 0 38 
0 0 0 212 452 0 661 0 813 0 60 235 186 0 239 878 458 923 0 401 138 0 476 898 108 393 854 0 0 752 286 403 31 227 978 845 93 636 336 681 937 0 855 881 540 744 446 670 0 627 0 631 0 769 0 707 164 0 119 125 339 0 189 849 470 712 0 90 0 365 0 992 0 901 971 629 19 76 26 333 812 573 727 601 351 459 0 858 455 0 711 856 577 270 868 785 430 257 571 492 0 488 181 0 995 652 902 360 628 837 988 90 418 0 0 237 137 798 54 724 100 168 302 0 0 0 207 927 866 182 684 0 744 
0 673 0 648 470 694 132 728 794 988 776 47 186 312 280 998 898 770 0 446 797 0 298 791 948 32 212 0 593 647 603 747 5 0 707 0 775 491 605 0 0 855 0 798 879 403 755 0 39 780 522 0 58 645 593 0 0 498 912 0 460 0 447 76 871 30 253 0 792 294 97 372 686 0 132 0 773 0 685 0 717 606 0 672 924 798 130 276 859 637 340 616 0 0 410 0 607 958 13 360 0 971 0 0 0 476 585 363 277 500 392 26 239 0 73 436 15 378 727 0 738 704 480 414 401 379 805 0 441 330 893 0 202 
403 10 0 568 830 0 0 855 139 719 845 363 930 14 996 542 639 432 134 526 858 0 924 878 560 0 0 0 108 208 537 151 602 0 0 0 74 0 768 566 400 881 798 0 610 0 820 564 462 523 635 0 683 661 631 795 591 702 39 68 635 786 0 221 0 0 690 839 935 391 931 38 787 187 359 0 515 0 469 56 464 0 372 0 862 21 518 156 637 0 846 469 447 470 768 828 0 860 857 448 93 619 769 273 0 673 731 0 935 209 0 914 688 406 744 300 227 388 235 0 0 0 975 0 0 979 622 568 217 320 0 204 565 
862 0 977 650 520 868 4 541 560 973 768 0 0 0 400 123 312 0 0 147 0 716 849 0 0 338 848 73 496 495 562 14 0 172 716 666 955 940 668 0 479 540 879 610 0 256 411 182 0 0 577 662 564 0 970 0 572 181 864 659 0 682 399 0 515 188 745 0 730 0 316 796 472 845 733 0 408 106 355 391 824 0 0 721 478 0 876 905 620 0 848 850 0 499 0 990 981 712 469 819 8 708 601 580 678 264 249 500 912 0 597 294 711 849 672 46 166 155 0 836 706 40 912 962 0 58 871 19 362 0 0 0 710 
472 553 144 706 160 338 284 0 976 0 258 28 0 560 589 0 68 409 389 0 587 391 969 0 120 226 0 0 0 0 0 394 686 254 412 535 610 0 777 647 299 744 403 0 256 0 0 0 764 78 50 560 84 705 830 357 516 909 0 176 56 455 530 743 571 335 767 613 682 720 0 170 52 290 765 0 0 898 778 686 649 680 606 0 556 82 462 857 744 184 973 150 813 940 0 0 588 860 451 0 0 290 59 718 90 0 895 181 646 98 770 640 895 527 839 653 0 713 648 371 481 229 0 648 0 47 523 906 946 455 0 0 34 
0 628 367 577 102 0 33 181 0 125 314 0 0 0 290 163 110 188 0 277 653 892 655 535 688 853 0 964 528 897 0 0 846 0 594 0 0 268 316 331 431 446 755 820 411 0 0 634 508 0 272 829 0 163 0 916 417 943 114 757 443 517 377 496 183 370 745 326 298 820 565 0 626 260 472 719 520 658 166 0 537 123 701 9 165 0 727 266 6 615 668 330 0 840 29 641 0 0 321 366 715 107 687 76 69 205 482 819 445 414 948 175 243 289 864 377 527 0 577 97 0 10 0 544 376 7 121 547 58 990 840 820 740 
432 453 212 66 216 902 0 880 875 807 610 671 787 87 0 944 0 960 578 976 93 7 0 0 503 539 0 234 0 0 694 0 0 535 0 26 0 854 711 812 178 670 0 564 182 0 634 0 528 637 807 121 827 102 729 268 0 197 82 664 144 107 484 475 229 585 477 971 720 0 126 346 195 0 974 327 808 888 28 0 0 566 226 343 738 255 390 933 324 659 306 548 0 96 77 0 556 898 0 467 195 914 587 0 9 189 607 634 879 584 0 603 0 335 0 0 589 896 590 655 0 0 966 404 535 305 101 284 578 399 294 0 956 
0 689 967 116 759 167 920 391 0 393 954 659 14 694 0 910 186 141 0 745 335 950 321 0 0 929 2 124 944 993 0 260 356 174 482 991 960 251 0 953 782 0 39 462 0 764 508 528 0 312 70 105 371 819 845 0 660 0 911 881 368 963 785 0 175 797 165 0 261 473 949 619 0 325 0 445 61 599 0 0 0 0 14 0 0 305 994 247 754 0 133 895 817 466 0 296 736 282 0 503 0 260 866 129 159 845 529 0 945 332 37 830 0 317 941 522 0 128 0 677 440 155 767 0 151 563 402 281 700 717 0 326 105 
0 911 885 158 41 465 736 25 60 0 0 0 0 128 0 163 0 444 929 0 489 925 52 0 764 900 308 748 461 0 632 183 160 333 0 0 77 954 370 0 742 627 780 523 0 78 0 637 312 0 526 629 0 0 984 352 871 0 0 90 510 920 592 819 219 494 679 152 119 986 397 556 0 952 957 49 114 0 783 133 0 908 561 155 196 275 0 663 116 347 101 195 668 283 369 0 0 96 236 708 0 917 144 0 0 0 0 421 324 791 803 237 244 169 907 0 290 0 0 182 0 785 411 133 347 663 125 0 280 389 751 852 163 
185 570 190 241 147 0 346 446 40 915 0 156 274 0 0 719 194 0 34 67 983 611 827 298 329 468 489 256 382 567 455 0 965 300 489 0 595 0 959 0 617 0 522 635 577 50 272 807 70 526 0 0 388 376 0 484 0 620 0 612 366 0 659 170 394 927 912 282 683 312 243 439 114 0 803 118 0 441 454 38 1 0 0 0 861 728 506 71 230 70 705 614 467 745 900 160 816 926 529 136 692 0 399 883 998 106 0 821 339 826 511 0 888 0 54 916 0 0 482 247 954 0 178 617 634 0 0 508 777 36 82 0 0 
594 714 0 657 696 42 480 0 549 99 0 0 916 233 0 0 0 28 189 603 0 134 472 933 244 407 236 0 53 261 0 743 915 0 0 658 130 967 884 540 0 631 0 0 662 560 829 121 105 629 0 0 538 0 957 488 612 0 81 0 17 0 0 0 191 835 897 0 0 292 916 743 945 397 219 763 0 410 0 720 0 596 124 0 566 956 522 23 559 0 645 160 546 587 190 905 796 743 985 810 0 0 956 486 64 546 882 0 0 557 581 986 387 662 0 278 303 836 0 41 479 0 652 277 786 17 957 40 0 203 517 298 24 
209 270 0 928 504 81 99 0 935 671 822 513 910 0 643 280 531 0 0 109 0 65 987 993 225 441 61 0 519 0 408 169 152 775 98 439 501 0 977 268 8 0 58 683 564 84 0 827 371 0 388 538 0 525 765 342 985 0 387 746 516 335 388 0 86 0 189 842 612 656 0 0 646 445 27 0 902 0 908 808 456 623 323 997 598 0 400 704 0 405 708 59 64 907 949 0 0 156 754 0 0 0 0 684 0 797 418 0 0 923 0 0 107 870 0 334 383 908 954 166 870 0 615 0 0 764 0 47 54 699 468 982 688 
80 914 0 850 471 788 37 0 228 0 628 0 357 0 455 0 82 419 0 0 702 189 441 942 502 882 314 375 584 644 641 0 782 369 123 0 56 331 150 0 0 769 645 661 0 705 163 102 819 0 376 0 525 0 888 507 923 815 0 520 367 0 181 0 195 0 871 730 101 429 369 0 0 0 942 738 602 847 634 0 887 0 755 742 0 563 130 0 974 0 296 893 0 608 141 738 617 430 507 746 282 301 523 823 576 156 279 981 370 331 575 394 0 513 569 648 126 101 442 736 651 744 98 654 0 623 66 322 979 883 302 0 151 
454 473 291 0 110 727 0 90 309 186 358 313 791 516 73 0 420 602 443 0 667 114 726 939 51 36 906 0 248 719 0 0 889 0 744 66 394 684 0 753 804 0 593 631 970 830 0 729 845 984 0 957 765 888 0 169 228 484 829 542 0 533 0 460 200 273 203 877 619 239 912 32 535 108 799 0 56 492 0 669 444 0 343 0 837 724 792 0 769 371 322 703 0 75 318 269 57 954 0 0 787 15 660 876 268 838 651 873 761 986 18 794 907 0 687 397 8 175 675 343 498 0 0 0 26 218 105 0 0 3 481 18 76 
607 561 887 637 182 583 0 933 675 163 135 0 638 0 447 0 851 321 174 0 219 0 0 889 583 595 763 138 997 859 770 706 615 842 435 83 409 926 0 193 208 707 0 795 0 357 916 268 0 352 484 488 342 507 169 0 0 0 243 0 724 0 669 0 0 0 0 0 227 482 0 10 950 0 824 389 899 0 690 264 316 10 0 852 257 169 630 685 401 589 171 521 241 399 679 580 309 0 209 737 917 285 461 385 0 911 619 108 38 724 265 349 239 0 22 639 667 0 36 867 191 631 786 930 383 0 353 637 523 536 0 113 577 
0 272 81 239 646 576 429 191 492 440 551 230 419 497 0 472 518 349 0 941 132 645 954 708 269 74 615 639 0 0 804 473 373 544 423 844 837 298 0 522 745 164 0 591 572 516 417 0 660 871 0 612 985 923 228 0 0 0 813 830 66 764 0 441 0 0 548 2 523 0 0 0 201 104 98 699 181 0 933 732 0 887 0 646 0 0 0 0 84 772 192 551 57 191 177 0 168 583 60 0 23 0 783 679 217 461 812 198 136 0 39 0 494 700 979 550 0 562 411 286 0 0 29 891 86 669 0 0 0 589 455 833 66 
772 407 359 718 324 395 262 0 250 569 380 239 0 0 962 541 398 0 0 0 0 269 0 417 86 276 448 896 214 0 362 820 0 328 136 892 255 234 234 502 937 0 498 702 181 909 943 197 0 0 620 0 0 815 484 0 0 0 0 782 375 860 790 542 877 0 587 0 539 0 2 142 0 0 0 0 787 973 572 294 357 501 46 921 89 918 286 661 0 0 956 477 0 518 105 0 605 0 0 959 0 170 0 0 0 701 338 271 624 505 0 314 105 66 0 813 433 815 577 0 630 436 424 320 291 273 0 949 0 888 760 418 186 
295 789 738 73 683 259 756 423 0 0 512 250 0 882 649 0 480 871 997 569 959 0 20 0 799 940 358 455 367 925 0 0 0 0 0 0 957 668 414 130 0 119 912 39 864 0 114 82 911 0 0 81 387 0 829 243 813 0 0 959 431 0 0 721 0 0 543 0 266 860 94 321 188 280 0 287 0 139 0 0 0 998 987 0 224 414 75 0 0 765 403 263 57 764 0 0 0 692 0 565 0 151 575 697 0 298 275 930 0 413 586 0 0 762 0 56 904 305 467 516 775 797 474 59 164 281 829 652 742 993 942 216 0 
0 850 0 749 623 922 0 753 0 653 945 900 458 0 0 8 0 933 344 349 0 188 115 857 942 0 533 718 514 0 379 0 901 0 204 913 761 0 0 0 467 125 0 68 659 176 757 664 881 90 612 0 746 520 542 0 830 782 959 0 651 850 760 678 0 672 947 619 398 0 460 0 0 990 35 915 976 0 0 808 544 193 770 864 0 254 933 183 362 20 433 0 651 720 0 572 922 285 387 36 397 81 454 908 463 323 767 213 0 621 114 0 480 474 231 714 0 0 641 817 799 0 105 877 387 626 81 499 149 487 821 0 391 
395 32 15 0 0 340 999 766 899 817 764 947 41 0 243 557 203 828 420 0 890 667 993 565 574 584 673 939 929 79 514 56 339 0 488 617 576 15 132 0 0 339 460 635 0 56 443 144 368 510 366 17 516 367 0 724 66 375 431 651 0 0 718 0 561 224 368 0 119 0 876 0 0 443 442 10 0 0 222 526 383 384 824 181 0 0 686 430 0 551 656 255 214 271 712 49 0 0 0 779 833 829 383 502 512 0 922 114 456 0 845 0 554 368 342 443 211 764 853 268 150 0 660 500 583 0 957 658 73 0 791 247 0 
307 77 753 0 868 425 996 0 0 589 530 0 0 499 299 91 485 752 423 0 0 831 601 960 719 0 0 0 0 0 883 0 297 306 744 529 493 580 151 0 551 0 0 786 682 455 517 107 963 920 0 0 335 0 533 0 764 860 0 850 0 0 483 524 399 941 64 0 0 956 188 0 11 844 327 0 10 218 704 764 396 787 0 5 565 0 0 228 0 579 0 784 182 578 893 959 836 790 576 578 779 147 152 967 809 0 0 0 0 316 786 6 588 0 645 0 414 746 671 756 677 796 872 562 0 0 758 494 0 794 762 454 201 
192 1 33 5 0 465 645 372 470 625 123 257 31 250 608 328 162 288 346 492 791 510 448 83 0 476 809 0 365 571 0 640 303 782 611 339 571 70 126 0 0 189 447 0 399 530 377 484 785 592 659 0 388 181 0 669 0 790 0 760 718 483 0 827 0 576 366 0 0 0 0 61 0 563 22 0 503 129 65 0 499 0 0 0 0 880 152 518 0 366 461 491 374 0 270 287 429 0 656 737 509 0 444 723 705 0 244 336 857 637 638 335 877 514 622 30 756 590 746 874 0 135 861 796 0 613 0 123 0 613 771 0 883 
755 903 179 0 182 539 49 839 611 0 181 721 0 109 105 138 980 135 220 661 100 940 0 787 246 291 724 0 560 392 888 790 0 993 337 776 0 0 176 979 288 849 76 221 0 743 496 475 0 819 170 0 0 0 460 0 441 542 721 678 0 524 827 0 905 449 0 0 389 879 77 0 830 362 631 0 387 0 429 0 702 10 270 720 930 0 339 0 34 452 870 521 0 940 814 0 479 965 0 330 983 626 0 682 737 568 869 812 0 616 302 997 327 704 897 602 0 444 32 142 0 123 0 310 862 922 706 764 87 957 172 0 0 
0 146 485 934 851 28 760 887 522 102 835 0 696 515 71 0 542 374 824 680 85 0 0 264 595 45 538 290 716 0 761 0 0 437 745 0 668 312 861 22 0 470 871 0 515 571 183 229 175 219 394 191 86 195 200 0 0 877 0 0 561 399 0 905 0 0 840 410 973 792 0 573 914 732 744 0 802 0 762 266 22 12 0 704 969 372 55 2 751 0 922 488 47 478 0 329 981 273 137 361 308 516 549 848 0 211 0 146 185 296 546 0 930 0 857 623 739 233 790 348 521 78 276 711 858 380 413 712 186 33 233 988 706 
928 902 658 398 0 116 92 561 332 290 589 751 688 362 214 659 564 357 784 0 26 0 315 211 650 0 705 465 935 540 112 739 79 547 168 372 256 538 814 430 48 712 30 0 188 335 370 585 797 494 927 835 0 0 273 0 0 0 0 672 224 941 576 449 0 0 0 698 0 184 0 785 240 227 0 0 738 0 495 508 112 356 212 79 109 320 872 779 790 0 654 890 298 0 74 0 0 684 124 926 338 1 0 0 438 363 0 767 251 597 0 0 524 0 0 0 654 465 0 987 0 29 439 940 350 0 0 294 286 627 946 796 942 
0 894 644 284 0 48 0 549 777 974 506 25 181 135 589 127 198 0 0 660 902 554 875 377 0 376 397 0 788 0 0 0 946 90 139 565 0 109 192 380 585 0 253 690 745 767 745 477 165 679 912 897 189 871 203 0 548 587 543 947 368 64 366 0 840 0 0 713 79 946 569 0 0 0 670 225 0 260 785 649 0 916 793 330 313 724 373 252 0 222 87 816 533 597 287 548 882 923 0 0 0 0 527 346 3 544 378 410 0 0 703 722 916 0 0 258 539 917 0 577 0 479 821 64 0 830 0 455 679 0 0 947 0 
687 255 0 617 0 0 0 379 217 434 815 293 560 46 0 380 656 0 837 0 903 0 4 730 493 485 0 0 0 0 0 0 789 780 7 0 0 0 641 0 0 90 0 839 0 613 326 971 0 152 282 0 842 730 877 0 2 0 0 619 0 0 0 0 410 698 713 0 611 799 653 775 871 0 179 812 870 0 553 553 42 360 291 0 0 636 431 0 741 724 266 975 910 773 0 943 0 265 0 0 272 210 179 95 0 0 0 333 95 825 979 0 306 135 747 0 321 220 827 105 0 578 795 0 471 348 705 875 718 0 203 752 0 
406 871 340 0 37 0 236 436 0 0 376 261 360 767 0 197 0 0 0 871 293 342 119 43 0 550 450 656 587 564 89 394 933 702 763 490 694 155 712 0 0 0 792 935 730 682 298 720 261 119 683 0 612 101 619 227 523 539 266 398 119 0 0 389 973 0 79 611 0 561 355 791 173 132 574 206 106 154 330 114 894 965 677 958 228 822 623 0 373 0 0 749 0 0 846 16 0 278 465 0 877 0 0 409 389 23 542 0 508 468 429 44 0 410 0 0 0 245 161 770 737 514 0 4 336 27 767 356 81 112 283 0 688 
0 878 76 91 472 0 42 135 0 544 645 133 517 72 508 0 377 77 773 223 217 0 35 687 488 877 213 0 157 0 234 991 0 463 0 36 0 0 0 229 0 365 294 391 0 720 820 0 473 986 312 292 656 429 239 482 0 0 860 0 0 956 0 879 792 184 946 799 561 0 992 0 300 0 570 58 122 535 523 0 567 160 0 412 0 36 670 0 220 923 311 199 378 567 831 93 909 815 236 0 150 788 537 728 0 586 240 0 0 918 416 280 142 334 851 685 0 685 982 283 471 26 723 332 589 189 330 223 630 434 533 0 0 
135 382 72 993 780 280 0 324 84 154 637 543 884 0 309 952 694 0 356 180 968 271 353 933 258 76 867 284 577 566 349 677 251 583 1 971 0 0 0 987 239 0 97 931 316 0 565 126 949 397 243 916 0 369 912 0 0 2 94 460 876 188 0 77 0 0 569 653 355 992 0 728 0 0 48 795 614 0 629 778 529 378 0 771 415 312 0 831 959 302 395 699 501 461 687 134 734 0 211 0 512 859 597 756 283 306 646 569 662 363 59 0 57 139 218 570 662 262 432 0 519 427 585 797 0 190 0 407 0 998 273 0 866 
820 241 22 558 0 923 843 750 67 571 449 179 355 515 763 725 626 0 274 346 344 569 62 0 892 0 0 463 365 876 282 772 0 63 13 534 410 763 691 380 0 992 372 38 796 170 0 346 619 556 439 743 0 0 32 10 0 142 321 0 0 0 61 0 573 785 0 775 791 0 728 0 661 805 837 812 143 0 0 284 98 0 0 702 665 0 984 433 688 774 611 325 573 332 0 452 324 0 777 827 446 0 738 0 124 884 662 492 537 887 0 392 852 0 998 152 208 0 5 149 634 0 130 0 984 218 172 537 116 0 917 728 0 
933 689 618 45 0 0 884 827 112 452 708 887 0 634 94 343 247 508 221 621 446 136 732 0 775 180 890 46 609 73 939 523 675 43 0 0 100 696 770 0 428 0 686 787 472 52 626 195 0 0 114 945 646 0 535 950 201 0 188 0 0 11 0 830 914 240 0 871 173 300 0 661 0 512 0 620 0 261 138 502 436 0 241 109 843 437 0 355 931 667 77 886 609 279 0 703 445 882 191 686 437 0 748 432 419 794 650 346 0 0 0 0 784 561 351 409 91 0 0 186 900 546 52 66 610 743 0 436 268 434 482 357 165 
493 729 321 807 115 128 92 213 227 0 216 985 0 435 894 342 0 961 662 646 215 308 972 951 868 424 18 0 524 354 0 737 844 289 947 642 839 0 694 343 109 901 0 187 845 290 260 0 325 952 0 397 445 0 108 0 104 0 280 990 443 844 563 362 732 227 0 0 132 0 0 805 512 0 920 770 829 94 496 0 588 99 757 0 761 0 213 699 819 74 26 541 621 375 0 625 765 18 978 815 58 195 705 617 0 510 957 911 484 43 927 667 463 881 857 0 340 786 409 5 710 149 596 0 0 116 733 0 717 703 383 435 0 
0 0 613 552 284 281 611 0 563 0 894 422 835 309 880 49 927 915 427 0 497 99 459 697 15 799 0 54 571 0 0 0 754 839 0 0 97 0 4 379 767 971 132 359 733 765 472 974 0 957 803 219 27 942 799 824 98 0 0 35 442 327 22 631 744 0 670 179 574 570 48 837 0 920 0 975 0 407 0 608 721 0 873 0 0 0 0 453 19 242 158 356 163 318 586 884 369 99 83 599 357 0 590 0 838 0 127 0 0 835 664 0 0 0 0 465 786 108 0 640 0 124 705 601 204 907 861 857 0 0 754 705 445 
659 34 359 675 693 371 887 79 475 0 0 0 467 0 883 429 883 306 61 991 917 0 0 386 0 557 826 684 300 493 724 114 825 113 551 881 847 0 392 31 71 629 0 0 0 0 719 327 445 49 118 763 0 738 0 389 699 0 287 915 10 0 0 0 0 0 225 812 206 58 795 812 620 770 975 0 688 4 118 165 364 0 0 279 433 920 0 0 743 0 0 0 439 294 214 157 327 859 365 0 0 661 284 0 81 946 12 405 554 0 557 0 64 457 833 319 0 0 346 448 673 490 0 174 205 181 635 0 851 706 249 581 45 
783 208 371 541 357 0 9 611 432 0 0 476 191 893 449 348 0 552 165 545 168 600 887 701 395 465 724 0 90 0 473 473 618 444 0 0 709 132 845 0 451 19 773 515 408 0 520 808 61 114 0 0 902 602 56 899 181 787 0 976 0 10 503 387 802 738 0 870 106 122 614 143 0 829 0 688 0 0 0 936 445 382 0 106 410 362 0 412 853 544 0 701 0 632 672 979 0 124 310 0 143 808 840 820 182 624 83 131 278 0 816 0 328 209 0 866 0 205 11 0 410 314 813 0 25 514 831 367 0 238 354 0 153 
0 24 429 0 84 725 378 270 0 365 653 35 920 290 267 924 190 830 212 863 558 970 495 0 947 317 963 563 523 0 39 0 0 52 0 0 0 0 734 0 293 76 0 0 106 898 658 888 599 0 441 410 0 847 492 0 0 973 139 0 0 218 129 0 0 0 260 0 154 535 0 0 261 94 407 4 0 0 0 0 98 0 437 889 126 10 292 0 130 0 899 19 148 0 1 169 398 770 32 258 12 892 523 957 0 0 985 911 748 412 189 684 0 926 928 1 314 675 826 173 0 0 0 492 399 476 281 805 144 701 0 556 766 
759 140 413 0 451 821 782 82 17 854 0 238 775 580 148 492 856 608 0 319 0 74 296 534 0 37 0 22 971 808 442 268 0 695 0 0 607 268 600 0 0 26 685 469 355 778 166 28 0 783 454 0 908 634 0 690 933 572 0 0 222 704 65 429 762 495 785 553 330 523 629 0 138 496 0 118 0 0 0 617 804 14 895 765 365 286 0 814 54 779 495 540 820 140 900 31 69 523 505 125 21 842 149 853 546 267 839 426 995 280 726 525 347 776 441 0 0 841 0 351 549 340 0 0 607 0 0 101 784 672 58 0 44 
567 99 739 470 310 0 75 823 475 642 755 134 513 0 415 0 0 506 563 580 0 918 245 446 794 999 92 251 141 786 206 399 568 0 122 341 160 0 0 82 478 333 0 56 391 686 0 0 0 133 38 720 808 0 669 264 732 294 0 808 526 764 0 0 266 508 649 553 114 0 778 284 502 0 608 165 936 0 617 0 699 0 0 0 678 325 262 118 820 109 702 529 613 101 48 0 473 0 856 704 35 375 442 663 279 0 143 729 269 685 60 501 514 620 0 635 542 0 353 0 302 0 363 883 542 734 0 391 226 793 512 325 0 
361 343 525 689 201 93 787 0 161 582 299 349 98 0 86 854 676 265 0 0 829 363 351 905 577 194 52 0 319 346 730 530 264 345 276 368 689 861 937 0 978 812 717 464 824 649 537 0 0 0 1 0 456 887 444 316 0 357 0 544 383 396 499 702 22 112 0 42 894 567 529 98 436 588 721 364 445 98 804 699 0 8 947 852 641 889 941 0 395 820 48 539 481 9 838 112 57 931 983 250 0 9 508 153 0 349 277 0 224 119 675 0 496 160 118 308 477 0 0 0 666 228 435 945 208 111 68 0 574 279 702 500 460 
310 113 961 120 185 0 567 0 352 20 696 612 0 227 0 311 0 0 202 0 0 434 60 797 0 333 933 816 969 93 123 922 355 0 0 152 216 0 0 42 605 573 606 0 0 680 123 566 0 908 0 596 623 0 0 10 887 501 998 193 384 787 0 10 12 356 916 360 965 160 378 0 0 99 0 0 382 0 14 0 8 0 0 360 806 181 0 523 0 643 0 579 997 0 183 0 594 731 29 897 588 2 679 0 0 847 78 888 611 349 739 0 0 0 371 430 870 0 0 0 482 398 0 86 590 374 0 0 377 254 359 0 614 
694 998 863 207 648 235 773 481 804 789 148 847 0 495 0 489 0 758 0 0 332 31 525 0 110 325 969 854 470 100 235 539 191 0 0 0 0 693 480 391 376 727 0 372 0 606 701 226 14 561 0 124 323 755 343 0 0 46 987 770 824 0 0 270 0 212 793 291 677 0 0 0 241 757 873 0 0 437 895 0 947 0 0 479 848 614 870 709 0 442 0 0 302 810 164 30 0 184 893 890 860 374 0 203 628 0 0 201 1 791 942 0 419 780 0 818 41 0 0 522 40 0 0 829 393 0 0 377 889 0 822 742 537 
0 0 0 642 220 913 100 362 370 843 986 0 152 228 0 0 23 0 936 612 19 247 0 0 92 679 0 345 518 827 189 275 415 0 0 0 308 347 340 569 0 601 672 0 721 0 9 343 0 155 0 0 997 742 0 852 646 921 0 864 181 5 0 720 704 79 330 0 958 412 771 702 109 0 0 279 106 889 765 0 852 360 479 0 0 72 0 903 400 213 0 29 851 0 604 490 88 38 0 649 0 505 0 0 212 816 0 249 197 0 0 747 0 805 677 50 387 0 197 421 489 225 549 617 40 0 0 524 0 398 0 761 31 
12 743 676 13 0 10 813 349 826 433 787 737 697 132 299 844 519 882 560 580 28 439 134 955 706 88 215 739 0 0 0 902 0 658 250 867 623 779 384 499 0 351 924 862 478 556 165 738 0 196 861 566 598 0 837 257 0 89 224 0 0 565 0 930 969 109 313 0 228 0 415 665 843 761 0 433 410 126 365 678 641 806 848 0 0 138 361 745 249 460 769 106 214 202 759 706 0 679 388 295 941 601 710 359 0 696 869 922 103 404 52 149 0 660 554 0 0 877 0 53 507 705 78 906 991 169 284 583 0 0 377 0 0 
546 283 332 21 0 749 0 0 759 43 840 0 0 881 96 256 0 0 0 760 836 0 511 0 842 155 942 962 250 0 925 53 0 0 0 833 0 7 807 214 602 459 798 21 0 82 0 255 305 275 728 956 0 563 724 169 0 918 414 254 0 0 880 0 372 320 724 636 822 36 312 0 437 0 0 920 362 10 286 325 889 181 614 72 138 0 117 23 571 540 251 450 287 11 0 67 0 526 281 100 584 805 0 713 315 422 0 0 134 835 620 322 725 349 897 833 800 273 871 0 649 814 487 542 0 0 513 370 791 0 221 237 764 
795 279 856 0 409 0 133 0 0 995 599 0 109 72 60 830 755 486 128 46 179 12 0 218 167 0 418 307 821 0 0 140 0 686 730 814 156 626 930 523 853 0 130 518 876 462 727 390 994 0 506 522 400 130 792 630 0 286 75 933 686 0 152 339 55 872 373 431 623 670 0 984 0 213 0 0 0 292 0 262 941 0 870 0 361 117 0 884 136 396 0 781 0 945 145 0 0 851 792 672 635 678 518 753 530 0 0 293 506 896 0 422 931 621 151 610 0 0 416 83 576 888 627 222 51 741 21 638 331 287 0 0 338 
632 750 418 927 933 633 516 61 0 792 874 667 600 471 768 602 0 0 101 782 844 873 447 568 749 923 0 474 0 0 544 365 194 304 926 712 455 558 351 0 0 858 276 156 905 857 266 933 247 663 71 23 704 0 0 685 0 661 0 183 430 228 518 0 2 779 252 0 0 0 831 433 355 699 453 0 412 0 814 118 0 523 709 903 745 23 884 0 433 526 595 0 0 933 200 772 481 38 288 398 306 687 12 538 550 831 0 0 0 229 891 64 320 172 932 365 0 111 558 723 301 957 0 358 199 0 0 302 134 0 106 108 0 
670 0 0 678 85 833 105 319 0 360 608 243 592 607 106 181 475 95 204 941 726 839 679 320 267 765 449 0 446 98 0 366 868 582 511 450 187 928 2 328 852 455 859 637 620 744 6 324 754 116 230 559 0 974 769 401 84 0 0 362 0 0 0 34 751 790 0 741 373 220 959 688 931 819 19 743 853 130 54 820 395 0 0 400 249 571 136 433 0 847 355 0 358 970 432 374 977 0 300 0 389 803 0 28 552 0 0 0 0 919 441 287 728 0 804 310 111 0 759 481 664 381 917 0 45 711 785 120 510 0 78 158 549 
691 510 29 343 776 544 976 339 248 749 168 905 0 683 0 381 307 854 915 703 565 607 872 350 567 777 648 0 0 147 18 559 850 446 441 738 0 412 0 525 706 0 637 0 0 184 615 659 0 347 70 0 405 0 371 589 772 0 765 20 551 579 366 452 0 0 222 724 0 923 302 774 667 74 242 0 544 0 779 109 820 643 442 213 460 540 396 526 847 0 614 0 172 0 0 335 0 975 445 142 23 942 847 635 0 285 807 32 84 0 139 149 804 659 627 309 0 778 683 146 678 944 562 791 0 295 953 367 941 0 0 709 605 
0 127 770 0 254 477 738 123 131 331 0 238 249 483 0 925 628 490 480 43 718 0 0 400 0 0 426 390 174 0 353 0 193 831 0 0 582 617 68 0 826 711 340 846 848 973 668 306 133 101 705 645 708 296 322 171 192 956 403 433 656 0 461 870 922 654 87 266 0 311 395 611 77 26 158 0 0 899 495 702 48 0 0 0 769 251 0 595 355 614 0 0 0 0 634 0 0 0 825 583 947 0 0 793 37 358 400 288 814 184 536 0 712 691 0 65 584 0 0 465 80 102 937 18 73 889 0 0 985 847 516 0 604 
616 658 752 96 696 738 310 574 134 0 570 302 281 0 308 504 759 604 858 0 596 881 0 503 0 31 114 441 0 41 551 664 339 0 948 351 455 96 34 493 0 856 616 469 850 150 330 548 895 195 614 160 59 893 703 521 551 477 263 0 255 784 491 521 488 890 816 975 749 199 699 325 886 541 356 0 701 19 540 529 539 579 0 29 106 450 781 0 0 0 0 0 133 0 68 0 707 795 723 0 409 79 126 0 0 0 0 727 0 511 771 710 0 821 714 696 708 409 848 992 192 0 248 559 341 600 179 55 0 0 125 645 0 
190 867 700 101 878 1 490 342 855 308 412 32 0 0 982 955 0 292 0 955 644 987 381 676 52 440 160 628 0 101 929 0 0 393 437 607 596 81 900 728 308 577 0 447 0 813 0 0 817 668 467 546 64 0 0 241 57 0 57 651 214 182 374 0 47 298 533 910 0 378 501 573 609 621 163 439 0 148 820 613 481 997 302 851 214 287 0 0 358 172 0 133 0 0 0 429 0 0 39 751 194 424 68 587 334 0 331 0 522 0 51 0 0 330 0 793 715 448 937 497 0 553 412 0 664 490 851 323 736 612 807 0 0 
248 560 799 269 876 939 645 946 169 39 384 65 72 499 0 645 525 0 273 0 250 836 112 485 780 345 59 488 989 908 901 795 694 759 854 301 739 959 566 34 0 270 0 470 499 940 840 96 466 283 745 587 907 608 75 399 191 518 764 720 271 578 0 940 478 0 597 773 0 567 461 332 279 375 318 294 632 0 140 101 9 0 810 0 202 11 945 933 970 0 0 0 0 0 34 58 215 85 910 728 411 958 874 230 0 979 771 819 768 719 759 0 568 0 0 608 112 0 183 858 601 0 0 435 11 298 2 237 0 0 262 671 254 
866 461 225 334 0 645 251 415 0 0 648 497 205 579 348 0 438 268 41 592 319 233 633 0 0 0 0 79 950 503 958 803 778 0 231 319 27 188 964 878 0 868 410 768 0 0 29 77 0 369 900 190 949 141 318 679 177 105 0 0 712 893 270 814 0 74 287 0 846 831 687 0 0 0 586 214 672 1 900 48 838 183 164 604 759 0 145 200 432 0 634 68 0 34 0 0 960 692 0 111 444 223 478 567 918 858 735 796 890 676 652 0 0 125 322 33 301 463 0 0 0 920 0 937 569 897 285 300 267 427 0 649 798 
0 0 0 233 897 693 0 657 562 705 0 0 423 894 882 376 0 263 192 143 198 697 0 346 614 714 0 633 52 0 563 24 0 282 0 288 726 147 0 0 267 785 0 828 990 0 641 0 296 0 160 905 0 738 269 580 0 0 0 572 49 959 287 0 329 0 548 943 16 93 134 452 703 625 884 157 979 169 31 0 112 0 30 490 706 67 0 772 374 335 0 0 429 58 0 0 0 0 562 330 464 280 596 780 680 385 859 834 452 392 0 708 467 0 0 0 651 4 0 420 730 883 886 911 0 108 769 0 629 0 336 0 501 
916 359 176 896 0 48 194 437 880 590 416 967 780 355 409 306 705 0 702 736 0 550 287 0 209 545 662 568 277 0 0 133 0 0 687 728 896 405 693 392 748 430 607 0 981 588 0 556 736 0 816 796 0 617 57 309 168 605 0 922 0 836 429 479 981 0 882 0 0 909 734 324 445 765 369 327 0 398 69 473 57 594 0 88 0 0 0 481 977 0 0 707 0 215 960 0 0 71 881 903 0 853 895 0 866 898 444 436 0 36 593 550 236 450 702 0 326 766 570 927 488 0 239 605 0 0 337 333 155 961 313 0 892 
0 258 0 518 0 0 743 64 549 861 481 595 978 0 503 522 381 0 132 0 63 553 957 601 531 886 0 0 0 873 0 0 0 529 9 671 0 408 0 108 189 257 958 860 712 860 0 898 282 96 926 743 156 430 954 0 583 0 692 285 0 790 0 965 273 684 923 265 278 815 0 0 882 18 99 859 124 770 523 0 931 731 184 38 679 526 851 38 0 975 0 795 0 85 692 0 71 0 853 0 704 845 966 264 0 754 599 558 0 505 824 698 773 746 11 0 997 881 552 261 20 159 0 722 688 881 427 0 602 311 737 0 9 
726 11 194 156 515 0 0 495 619 993 783 0 884 116 690 459 0 0 231 713 381 104 442 730 505 0 216 708 0 0 307 917 194 745 256 0 56 305 108 0 645 571 13 857 469 451 321 0 0 236 529 985 754 507 0 209 60 0 0 387 0 576 656 0 137 124 0 0 465 236 211 777 191 978 83 365 310 32 505 856 983 29 893 0 388 281 792 288 300 445 825 723 39 910 0 562 881 853 0 952 214 0 0 215 503 238 571 508 593 687 0 0 298 800 0 878 0 0 514 839 164 821 862 0 187 576 917 81 445 549 188 617 468 
405 911 436 122 0 0 718 0 44 76 546 0 0 171 243 108 0 960 0 69 109 191 898 407 976 322 395 961 846 0 428 659 0 337 646 889 815 702 929 950 0 492 360 448 819 0 366 467 503 708 136 810 0 746 0 737 0 959 565 36 779 578 737 330 361 926 0 0 0 0 0 827 686 815 599 0 0 258 125 704 250 897 890 649 295 100 672 398 0 142 583 0 751 728 111 330 903 0 952 0 994 657 52 122 399 0 244 378 588 824 193 0 326 0 350 268 109 0 803 0 0 14 942 839 494 450 290 380 863 298 625 0 595 
486 585 0 885 302 212 704 885 853 547 579 689 359 824 975 0 0 422 411 333 888 445 713 741 0 1 942 290 0 52 809 0 681 0 83 0 355 147 462 103 135 0 0 93 8 0 715 195 0 0 692 0 0 282 787 917 23 0 0 397 833 779 509 983 308 338 0 272 877 150 512 446 437 58 357 0 143 12 21 35 0 588 860 0 941 584 635 306 389 23 947 409 194 411 444 464 0 704 214 994 0 247 0 178 53 185 0 0 749 0 0 545 0 479 98 0 0 569 845 361 767 159 155 0 254 396 304 971 0 130 0 0 138 
441 40 680 204 309 667 0 0 492 487 71 636 606 0 761 486 0 0 0 0 867 794 662 272 0 0 696 58 925 933 0 659 201 291 834 884 476 640 918 432 593 488 971 619 708 290 107 914 260 917 0 0 0 301 15 285 0 170 151 81 829 147 0 626 516 1 0 210 0 788 859 0 0 195 0 661 808 892 842 375 9 2 374 505 601 805 678 687 803 942 0 79 424 958 223 280 853 845 0 657 247 0 530 0 118 0 254 810 790 0 834 627 235 827 0 898 441 71 946 106 313 457 156 0 452 0 899 519 848 997 984 0 364 
144 0 177 764 0 882 997 161 0 215 99 628 607 201 883 296 915 0 0 573 294 0 0 144 583 782 101 163 916 555 430 817 23 686 547 0 943 257 214 909 366 181 0 769 601 59 687 587 866 144 399 956 0 523 660 461 783 0 575 454 383 152 444 0 549 0 527 179 0 537 597 738 748 705 590 284 840 523 149 442 508 679 0 0 710 0 518 12 0 847 0 126 68 874 478 596 895 966 0 52 0 530 0 437 100 738 756 388 113 0 0 394 0 950 0 504 878 588 0 0 256 22 0 0 0 407 0 914 633 899 402 564 154 
214 405 70 541 0 916 519 202 0 614 257 122 0 326 371 0 272 385 154 526 117 903 67 235 0 350 0 0 819 0 36 0 746 127 395 492 0 722 2 987 0 0 0 273 580 718 76 0 129 0 883 486 684 823 876 385 679 0 697 908 502 967 723 682 848 0 346 95 409 728 756 0 432 617 0 0 820 957 853 663 153 0 203 0 359 713 753 538 28 635 793 0 587 230 567 780 0 264 215 122 178 0 437 0 0 829 265 134 912 0 720 808 284 43 650 548 0 902 594 0 65 850 311 907 805 694 326 879 506 0 578 0 450 
16 175 417 947 970 0 0 249 0 0 0 461 0 581 0 0 0 543 876 725 95 297 972 0 627 79 237 729 808 0 819 992 56 692 585 407 15 905 531 179 410 995 0 0 678 90 69 9 159 0 998 64 0 576 268 0 217 0 0 463 512 809 705 737 0 438 3 0 389 0 283 124 419 0 838 81 182 0 546 279 0 0 628 212 0 315 530 550 552 0 37 0 334 0 918 680 866 0 503 399 53 118 100 0 0 0 313 0 0 893 955 666 846 199 441 942 635 233 51 0 0 212 997 0 0 263 0 0 183 0 187 0 970 
0 295 0 0 588 595 0 795 123 841 0 0 123 98 720 0 248 690 780 0 297 541 372 0 878 0 479 0 733 0 403 352 284 475 242 794 53 933 0 0 0 652 476 673 264 0 205 189 845 0 106 546 797 156 838 911 461 701 298 323 0 0 0 568 211 363 544 0 23 586 306 884 794 510 0 946 624 0 267 0 349 847 0 816 696 422 0 831 0 285 358 0 0 979 858 385 898 754 238 0 185 0 738 829 0 0 0 287 0 97 260 568 298 679 57 856 549 0 895 259 0 704 113 545 874 534 57 742 0 643 0 983 654 
62 971 34 166 0 0 303 243 932 0 760 107 464 0 459 0 878 469 0 231 929 316 405 682 0 0 0 871 0 0 707 0 650 158 856 606 366 83 27 739 904 902 585 731 249 895 482 607 529 0 0 882 418 279 651 619 812 338 275 767 922 0 244 869 0 0 378 0 542 240 646 662 650 957 127 12 83 985 839 143 277 78 0 0 869 0 0 0 0 807 400 0 331 771 735 859 444 599 571 244 0 254 756 265 313 0 0 0 61 7 727 0 0 968 224 316 632 604 123 610 319 0 196 910 530 0 614 0 370 622 788 0 885 
717 0 527 49 487 714 562 744 36 0 761 37 51 0 447 334 0 0 318 437 0 35 807 916 527 328 0 954 922 132 923 58 193 0 504 486 19 880 567 376 436 360 363 0 500 181 819 634 0 421 821 0 0 981 873 108 198 271 930 213 114 0 336 812 146 767 410 333 0 0 569 492 346 911 0 405 131 911 426 729 0 888 201 249 922 0 293 0 0 32 288 727 0 819 796 834 436 558 508 378 0 810 388 134 0 287 0 0 0 160 47 0 0 687 653 938 552 709 0 200 503 328 751 201 0 216 0 93 156 365 928 665 938 
432 400 847 490 115 0 403 834 497 0 854 801 271 0 785 0 632 113 576 489 0 7 431 242 783 199 249 900 768 462 382 0 0 0 0 951 367 459 242 0 984 628 277 935 912 646 445 879 945 324 339 0 0 370 761 38 136 624 0 0 456 0 857 0 185 251 0 95 508 0 662 537 0 484 0 554 278 748 995 269 224 611 1 197 103 134 506 0 0 84 814 0 522 768 890 452 0 0 593 588 749 790 113 912 0 0 61 0 0 0 78 210 524 676 227 0 622 541 854 820 0 302 803 228 548 416 334 0 793 359 515 0 848 
195 0 367 0 0 820 0 689 28 631 407 53 514 0 0 840 0 0 291 489 88 431 414 705 569 549 588 0 0 0 181 666 707 0 687 818 779 380 303 163 656 837 500 209 0 98 414 584 332 791 826 557 923 331 986 724 0 505 413 621 0 316 637 616 296 597 0 825 468 918 363 887 0 43 835 0 0 412 280 685 119 349 791 0 404 835 896 229 919 0 184 511 0 719 676 392 36 505 687 824 0 0 0 0 893 97 7 160 0 0 459 575 0 0 992 921 148 0 419 231 588 0 601 473 907 304 528 906 668 505 55 59 708 
643 928 426 717 129 160 0 461 83 764 255 629 416 230 939 900 823 260 391 688 456 986 0 715 20 945 551 910 0 0 0 933 696 403 191 364 450 563 446 952 536 988 392 0 597 770 948 0 37 803 511 581 0 575 18 265 39 0 586 114 845 786 638 302 546 0 703 979 429 416 59 0 0 927 664 557 816 189 726 60 675 739 942 0 52 620 0 891 441 139 536 771 51 759 652 0 593 824 0 193 0 834 0 720 955 260 727 47 78 459 0 431 680 681 0 761 680 295 287 29 538 662 570 206 117 197 0 71 460 0 151 0 884 
68 964 885 174 424 20 0 0 288 171 105 320 277 304 93 0 450 524 424 745 311 0 0 604 429 195 669 373 678 935 269 452 0 0 834 0 464 32 810 187 575 90 26 914 294 640 175 603 830 237 0 986 0 394 794 349 0 314 0 0 0 6 335 997 0 0 722 0 44 280 0 392 0 667 0 0 0 684 525 501 0 0 0 747 149 322 422 64 287 149 0 710 0 0 0 708 550 698 0 0 545 627 394 808 666 568 0 0 210 575 431 0 535 41 871 0 0 0 131 493 438 0 414 597 0 668 708 0 876 56 512 634 0 
0 818 356 0 478 0 0 382 0 733 471 0 883 867 861 0 57 0 0 492 380 532 236 0 0 324 233 886 505 805 561 213 374 0 0 311 14 275 527 55 167 418 239 688 711 895 243 0 0 244 888 387 107 0 907 239 494 105 0 480 554 588 877 327 930 524 916 306 0 142 57 852 784 463 0 64 328 0 347 514 496 0 419 0 0 725 931 320 728 804 712 0 0 568 0 467 236 773 298 326 0 235 0 284 846 298 0 0 524 0 680 535 0 351 483 329 0 475 705 0 0 843 243 361 993 815 436 865 467 0 0 673 816 
0 0 703 0 161 298 0 159 30 0 0 0 0 727 0 941 0 787 0 406 466 0 464 66 560 218 627 0 266 894 133 804 524 570 602 270 948 0 339 696 803 0 0 406 849 527 289 335 317 169 0 662 870 513 0 0 700 66 762 474 368 0 514 704 0 0 0 135 410 334 139 0 561 881 0 457 209 926 776 620 160 0 780 805 660 349 621 172 0 659 691 821 330 0 125 0 450 746 800 0 479 827 950 43 199 679 968 687 676 0 681 41 351 0 948 891 326 387 0 767 74 550 0 758 889 44 260 309 965 352 0 0 0 
732 0 559 0 280 0 413 0 79 173 0 43 92 824 34 431 265 0 0 0 231 872 0 845 114 0 739 923 156 660 0 172 81 0 371 718 875 777 660 70 0 0 73 744 672 839 864 0 941 907 54 0 0 569 687 22 979 0 0 231 342 645 622 897 857 0 0 747 0 851 218 998 351 857 0 833 0 928 441 0 118 371 0 677 554 897 151 932 804 627 0 714 0 0 322 0 702 11 0 350 98 0 0 650 441 57 224 653 227 992 0 871 483 948 0 821 713 443 820 896 569 260 215 0 670 199 768 0 374 122 162 859 158 
186 550 940 0 245 73 749 800 977 387 794 445 511 0 900 589 0 856 0 520 0 626 512 302 0 124 195 572 258 513 81 62 96 366 304 0 816 717 0 434 0 237 436 300 46 653 377 0 522 0 916 278 334 648 397 639 550 813 56 714 443 0 30 602 623 0 258 0 0 685 570 152 409 0 465 319 866 1 0 635 308 430 818 50 0 833 610 365 310 309 65 696 793 608 33 0 0 0 878 268 0 898 504 548 942 856 316 938 0 921 761 0 329 891 821 0 0 824 924 0 123 130 0 64 392 0 858 706 836 660 0 0 0 
32 204 977 0 549 321 843 137 505 930 536 0 140 0 664 967 69 0 0 0 0 352 552 958 0 0 189 0 243 712 316 490 322 384 200 220 0 808 897 255 718 137 15 227 166 0 527 589 0 290 0 303 383 126 8 667 0 433 904 0 211 414 756 0 739 654 539 321 0 0 662 208 91 340 786 0 0 314 0 542 477 870 41 387 0 800 0 0 111 0 584 708 715 112 301 651 326 997 0 109 0 441 878 0 635 549 632 552 622 148 680 0 0 326 713 0 0 747 784 443 0 781 589 186 492 339 0 174 0 392 877 949 541 
0 0 751 297 696 0 909 920 866 669 671 126 688 636 0 909 243 0 0 834 616 0 374 765 919 779 90 884 0 124 84 778 315 638 0 208 785 0 308 723 93 798 378 388 155 713 0 896 128 0 0 836 908 101 175 0 562 815 305 0 764 746 590 444 233 465 917 220 245 685 262 0 0 786 108 0 205 675 841 0 0 0 0 0 877 273 0 111 0 778 0 409 448 0 463 4 766 881 0 0 569 71 588 902 233 0 604 709 541 0 295 0 475 387 443 824 747 0 551 0 51 240 0 245 606 0 645 587 865 64 599 698 107 
0 61 0 0 0 0 857 352 52 739 0 26 28 0 364 457 0 833 0 672 943 419 0 357 0 450 970 100 0 97 809 194 0 0 23 638 986 601 753 0 0 54 727 235 0 648 577 590 0 0 482 0 954 442 675 36 411 577 467 641 853 671 746 32 790 0 0 827 161 982 432 5 0 409 0 346 11 826 0 353 0 0 0 197 0 871 416 558 759 683 0 848 937 183 0 0 570 552 514 803 845 946 0 594 51 895 123 0 854 419 287 131 705 0 820 924 784 551 0 0 389 0 1 526 57 670 0 606 651 0 77 501 0 
244 0 394 0 544 557 763 122 641 712 0 256 15 607 0 970 379 199 841 457 5 816 729 561 493 201 743 0 287 0 272 899 0 0 792 810 827 286 115 488 722 724 0 0 836 371 97 655 677 182 247 41 166 736 343 867 286 0 516 817 268 756 874 142 348 987 577 105 770 283 0 149 186 5 640 448 0 173 351 0 0 0 522 421 53 0 83 723 481 146 465 992 497 858 0 420 927 261 839 0 361 106 0 0 0 259 610 200 820 231 29 493 0 767 896 0 443 0 0 0 0 691 828 104 221 581 731 885 195 130 878 703 350 
709 314 120 0 19 0 582 191 0 0 0 932 296 0 0 488 0 0 80 195 263 445 833 0 177 841 0 631 191 0 730 888 894 0 733 387 462 0 528 644 339 100 738 0 706 481 0 0 440 0 954 479 870 651 498 191 0 630 775 799 150 677 0 0 521 0 0 0 737 471 519 634 900 710 0 673 410 0 549 302 666 482 40 489 507 649 576 301 664 678 80 192 0 601 0 730 488 20 164 0 767 313 256 65 0 0 319 503 0 588 538 438 0 74 569 123 0 51 389 0 0 115 0 0 917 0 233 811 213 919 426 0 456 
521 311 733 655 143 573 0 0 784 0 371 993 0 370 149 0 43 785 517 845 0 609 35 42 0 970 19 0 467 401 149 0 212 0 921 369 237 0 845 92 819 168 704 0 40 229 10 0 155 785 0 0 0 744 0 631 0 436 797 0 0 796 135 123 78 29 479 578 514 26 427 0 546 149 124 490 314 0 340 0 228 398 0 225 705 814 888 957 381 944 102 0 553 0 920 883 0 159 821 14 159 457 22 850 212 704 0 328 302 0 662 0 843 550 260 130 781 240 0 691 115 0 0 0 50 0 372 0 154 635 473 407 612 
197 985 551 463 457 187 983 26 180 0 504 0 298 395 558 376 779 0 0 214 753 376 260 243 620 469 97 0 213 356 262 998 244 0 919 127 536 79 888 26 0 302 480 975 912 0 0 966 767 411 178 652 615 98 0 786 29 424 474 105 660 872 861 0 276 439 821 795 0 723 585 130 52 596 705 0 813 0 0 363 435 0 0 549 78 487 627 0 917 562 937 248 412 0 0 886 239 0 862 942 155 156 0 311 997 113 196 751 803 601 570 414 243 0 215 0 589 0 1 828 0 0 0 703 0 337 307 196 131 0 102 916 930 
532 501 376 0 462 0 507 121 0 847 0 959 653 815 0 871 0 130 721 371 868 0 731 0 21 375 993 542 490 38 492 282 0 102 30 813 342 308 755 338 949 0 414 0 962 648 544 404 0 133 617 277 0 654 0 930 891 320 59 877 500 562 796 310 711 940 64 0 4 332 797 0 66 0 601 174 0 492 0 883 945 86 829 617 906 542 222 358 0 791 18 559 0 435 937 911 605 722 0 839 0 0 0 907 0 545 910 201 228 473 206 597 361 758 0 64 186 245 526 104 0 0 703 0 0 98 474 842 146 0 725 617 124 
826 669 36 345 9 543 844 93 768 884 0 527 684 0 520 693 224 0 110 0 0 200 154 395 0 176 785 520 80 107 265 43 443 0 524 414 412 493 609 266 933 0 401 0 0 0 376 535 151 347 634 786 0 0 26 383 86 291 164 387 583 0 0 862 858 350 0 471 336 589 0 984 610 0 204 205 25 399 607 542 208 590 393 40 991 0 51 199 45 0 73 341 664 11 569 0 0 688 187 494 254 452 0 805 0 874 530 0 548 907 117 0 993 889 670 392 492 606 57 221 917 50 0 0 0 649 649 335 286 178 0 0 316 
40 144 345 0 0 617 432 109 0 713 0 844 0 267 0 652 855 375 710 428 950 0 478 525 657 149 384 738 293 198 0 0 0 869 341 0 861 0 0 719 758 0 379 979 58 47 7 305 563 663 0 17 764 623 218 0 669 273 281 626 0 0 613 922 380 0 830 348 27 189 190 218 743 116 907 181 514 476 0 734 111 374 0 0 169 0 741 0 711 295 889 600 490 298 897 108 0 881 576 450 396 0 407 694 263 534 0 216 416 304 197 668 815 44 199 0 339 0 670 581 0 0 337 98 649 0 748 0 113 37 0 759 0 
211 78 495 925 0 0 897 708 723 132 0 311 105 873 0 342 557 0 825 0 821 389 238 446 625 710 213 0 613 473 480 251 877 371 520 604 833 0 275 0 677 207 805 622 871 523 121 101 402 125 0 957 0 66 105 353 0 0 829 81 957 758 0 706 413 0 0 705 767 330 0 172 0 733 861 635 831 281 0 0 68 0 0 0 284 513 21 0 785 953 0 179 851 2 285 769 337 427 917 290 304 899 0 326 0 57 614 0 334 528 0 708 436 260 768 858 0 645 0 731 233 372 307 474 649 748 0 72 271 0 0 388 995 
914 0 609 880 902 988 993 83 189 868 334 129 0 281 0 0 681 998 0 217 324 0 904 0 0 25 501 62 186 650 441 117 426 464 820 222 0 198 0 956 585 927 0 568 19 906 547 284 281 0 508 40 47 322 0 637 0 949 652 499 658 494 123 764 712 294 455 875 356 223 407 537 436 0 857 0 367 805 101 391 0 0 377 524 583 370 638 302 120 367 0 55 323 237 300 0 333 0 81 380 971 519 914 879 0 742 0 93 0 906 71 0 865 309 0 706 174 587 606 885 811 0 196 842 335 0 72 0 0 834 0 722 0 
458 0 605 636 580 620 0 0 56 0 880 0 0 0 951 909 925 0 0 290 67 663 408 372 0 0 214 0 503 416 371 461 751 0 664 395 0 83 514 795 70 866 441 217 362 946 58 578 700 280 777 0 54 979 0 523 0 0 742 149 73 0 0 87 186 286 679 718 81 630 0 116 268 717 0 851 0 144 784 226 574 377 889 0 0 791 331 134 510 941 985 0 736 0 267 629 155 602 445 863 0 848 633 506 183 0 370 156 793 668 460 876 467 965 374 836 0 865 651 195 213 154 131 146 286 113 271 0 0 579 0 121 69 
705 0 0 701 788 823 411 763 858 813 0 308 271 832 944 110 0 0 0 0 323 0 715 608 264 0 0 891 0 830 129 14 192 0 910 658 872 406 325 737 586 182 330 320 0 455 990 399 717 389 36 203 699 883 3 536 589 888 993 487 0 794 613 957 33 627 0 0 112 434 998 0 434 703 0 706 238 701 672 793 279 254 0 398 0 0 287 0 0 0 847 0 612 0 427 0 961 311 549 298 130 997 899 0 0 643 622 365 359 505 0 56 0 352 122 660 392 64 0 130 919 635 0 0 178 37 0 834 579 0 668 613 59 
539 167 348 584 0 295 383 0 0 0 83 806 188 731 90 761 0 888 288 582 0 536 0 0 0 970 825 91 498 798 443 83 432 946 433 251 643 398 0 981 608 684 893 0 0 0 840 294 0 751 82 517 468 302 481 0 455 760 942 821 791 762 771 172 233 946 0 203 283 533 273 917 482 383 754 249 354 0 58 512 702 359 822 0 377 221 0 106 78 0 516 125 807 262 0 336 313 737 188 625 0 984 402 578 187 0 788 928 515 55 151 512 0 0 162 0 877 599 77 878 426 473 102 725 0 0 0 0 0 668 0 328 860 
37 882 214 558 704 850 456 893 128 0 730 961 663 0 547 903 225 381 891 829 132 0 621 0 669 833 701 0 0 166 802 0 569 511 143 204 0 0 735 0 0 0 0 204 0 0 820 0 326 852 0 298 982 0 18 113 833 418 216 0 247 454 0 0 988 796 947 752 0 0 0 728 357 435 705 581 0 556 0 325 500 0 742 761 0 237 0 108 158 709 0 645 0 671 649 0 0 0 617 0 0 0 564 0 0 983 0 665 0 59 0 634 673 0 859 0 949 698 501 703 0 407 916 617 0 759 388 722 121 613 328 0 88 
389 118 415 506 681 158 876 68 328 630 49 560 0 170 319 143 0 225 16 868 812 0 644 56 406 0 150 872 0 951 601 617 0 641 336 410 721 545 163 174 38 744 202 565 710 34 740 956 105 163 0 24 688 151 76 577 66 186 0 391 0 201 883 0 706 942 0 0 688 0 866 0 165 0 445 45 153 766 44 0 460 614 537 31 0 764 338 0 549 605 604 0 0 254 798 501 892 9 468 595 138 364 154 450 970 654 885 938 848 708 884 0 816 0 158 0 541 107 0 350 456 612 930 124 316 0 995 0 69 59 860 88 0 
