0 127 569 0 51 428 398 0 219 0 361 215 485 347 0 0 316 654 343 0 623 244 946 231 829 0 0 932 861 646 234 110 74 159 644 0 0 71 0 899 209 828 0 0 258 827 355 730 336 0 281 739 386 406 92 467 902 523 0 553 322 477 0 424 576 708 518 586 668 804 458 853 655 609 173 81 683 0 0 740 993 0 0 763 0 299 875 183 851 0 814 14 656 107 977 394 0 466 0 216 491 582 502 0 544 574 469 523 207 940 273 707 886 0 0 0 325 399 100 819 578 0 340 827 0 639 91 994 643 175 56 356 207 692 455 723 0 748 261 606 
127 0 0 0 989 767 0 73 570 160 569 684 788 613 186 304 0 636 0 257 744 839 996 272 811 0 943 657 253 811 159 854 0 582 10 144 119 0 22 705 0 197 0 130 284 721 699 388 32 894 138 0 764 226 196 471 996 826 842 648 0 434 613 0 555 142 533 0 483 479 814 0 395 0 512 0 24 602 36 589 89 276 0 818 496 399 217 660 832 700 667 0 894 341 88 383 0 860 633 0 412 344 535 413 447 697 0 855 711 466 756 759 376 384 0 254 37 279 807 145 353 217 0 0 539 983 41 721 578 240 268 609 119 634 0 0 0 0 0 848 
569 0 0 0 871 737 0 33 624 0 576 93 903 656 0 783 9 676 465 892 804 129 683 736 657 246 0 0 0 911 254 741 292 0 380 0 281 631 0 329 908 616 179 490 596 705 724 124 681 882 895 123 0 472 456 832 137 660 0 169 425 724 197 70 216 561 0 0 149 932 539 328 642 478 778 838 924 618 925 0 282 34 0 482 0 722 849 286 874 924 755 0 0 829 247 994 539 201 881 0 148 988 0 253 611 83 0 875 623 785 755 0 961 132 913 461 815 201 572 124 688 242 768 883 580 0 0 20 683 0 264 352 246 762 242 341 642 0 614 494 
0 0 0 0 157 872 405 964 665 761 437 405 208 82 301 172 407 690 0 678 0 527 0 376 125 0 975 0 147 217 685 926 659 743 700 465 936 0 722 237 725 738 727 189 0 160 145 760 382 0 717 474 0 458 671 581 559 795 211 962 969 678 0 280 319 708 163 539 0 0 793 37 398 643 0 0 0 0 442 996 0 747 0 310 858 628 0 411 0 0 34 954 201 460 0 452 161 598 0 0 165 0 0 475 0 31 181 0 824 164 0 278 478 766 46 608 371 0 200 866 808 329 939 271 414 976 0 597 565 417 771 0 953 60 464 0 0 0 0 242 
51 989 871 157 0 0 0 725 300 352 0 119 107 778 620 127 854 904 23 258 533 7 223 886 48 862 0 81 0 529 184 47 0 0 945 374 534 0 0 257 844 683 696 132 144 578 321 0 0 0 812 793 0 0 112 0 994 172 84 850 432 40 310 899 0 140 44 198 389 357 708 547 0 404 0 0 262 936 8 596 887 43 67 197 640 740 0 868 0 195 33 670 697 842 886 465 932 138 716 0 0 634 0 0 995 976 628 22 679 242 822 0 739 590 441 0 789 618 486 347 0 309 146 437 0 0 937 220 694 735 615 956 149 20 16 0 0 333 763 273 
428 767 737 872 0 0 206 543 264 874 282 843 694 147 0 125 411 553 77 272 0 868 599 0 781 890 0 333 356 0 790 623 0 552 588 79 257 0 533 871 996 961 846 892 673 250 251 828 256 587 0 0 836 804 239 800 81 0 0 113 0 851 0 941 0 199 0 40 249 463 0 809 491 572 289 0 613 203 238 675 261 684 115 0 446 693 373 516 520 731 777 962 159 0 0 133 0 0 0 0 35 87 937 0 871 600 546 110 229 752 268 132 498 0 307 412 0 0 959 211 579 0 874 383 754 0 561 670 994 739 0 268 222 93 223 7 690 726 0 752 
398 0 0 405 0 206 0 439 0 394 583 633 428 0 843 695 384 482 369 695 247 100 835 543 0 948 788 0 0 265 0 542 85 969 884 0 839 642 0 380 550 935 945 281 303 165 402 0 0 0 133 10 102 887 134 388 0 868 588 993 375 811 0 934 0 170 0 952 853 266 989 725 47 821 401 746 360 656 0 100 86 254 892 0 0 740 661 958 914 736 52 0 795 402 899 377 143 19 0 78 405 919 917 743 820 961 472 824 0 284 987 0 0 0 0 220 562 441 133 678 0 597 945 0 163 368 0 599 207 705 458 0 0 88 837 57 0 0 832 0 
0 73 33 964 725 543 439 0 0 931 0 587 0 800 39 329 0 359 974 0 859 163 0 802 129 0 184 255 698 586 524 476 474 732 109 175 186 29 666 818 359 925 32 0 744 0 985 537 196 705 566 272 593 0 772 385 320 424 55 101 195 595 360 849 743 179 717 562 0 937 139 711 101 363 596 698 0 60 475 973 567 42 764 830 0 435 426 632 0 0 280 152 375 85 266 0 1 0 212 323 258 232 393 798 780 0 506 0 0 605 395 0 473 743 428 909 696 0 770 0 463 967 331 941 378 0 989 43 0 467 213 0 142 895 628 0 540 43 0 283 
219 570 624 665 300 264 0 0 0 0 801 36 611 186 552 152 598 556 0 390 266 594 510 848 867 730 25 427 232 908 0 673 2 0 371 968 0 330 578 489 642 277 958 436 77 0 418 793 188 180 51 0 371 0 95 0 752 0 184 768 0 626 234 91 156 243 965 591 244 0 672 795 460 668 617 376 29 0 0 629 936 177 889 680 306 456 708 514 0 0 188 373 8 0 913 173 332 0 639 0 115 0 984 996 199 607 267 642 476 192 791 0 108 623 0 179 693 999 967 154 348 94 430 0 128 379 669 179 203 530 0 688 417 0 0 190 44 0 496 895 
0 160 0 761 352 874 394 931 0 0 0 0 0 880 510 500 458 0 0 40 549 832 853 0 27 132 692 784 237 577 840 0 0 104 62 872 219 143 834 648 73 25 428 80 733 974 643 496 334 627 708 575 798 249 226 67 0 131 175 943 0 624 818 0 656 0 222 59 316 0 224 999 402 0 855 230 844 82 285 784 0 468 0 546 520 0 102 169 58 643 692 916 654 241 361 0 962 184 634 634 202 90 60 47 0 370 63 435 978 106 587 683 169 131 21 979 0 121 0 816 403 0 752 0 872 0 523 89 0 399 168 812 306 0 0 612 288 126 576 481 
361 569 576 437 0 282 583 0 801 0 0 0 33 915 375 0 354 774 202 542 569 0 732 685 489 649 0 0 423 0 566 205 458 98 0 799 0 906 781 404 0 780 266 247 0 0 0 649 0 808 443 737 39 111 242 574 530 0 685 109 0 756 0 627 630 0 412 238 496 955 649 0 617 344 943 47 0 704 109 882 513 0 49 977 971 388 682 820 453 601 459 499 648 598 768 702 202 777 615 59 0 152 38 643 0 0 0 625 348 809 703 432 521 715 695 924 946 352 217 0 662 680 114 0 427 236 0 965 765 531 7 76 0 73 554 277 373 139 747 559 
215 684 93 405 119 843 633 587 36 0 0 0 0 0 631 128 0 0 150 0 0 586 131 0 0 517 0 986 387 645 978 558 363 350 235 292 818 0 0 308 104 0 703 551 633 344 0 390 653 0 979 0 978 559 0 904 170 680 0 625 0 244 152 0 446 644 565 461 0 109 461 98 66 281 0 608 557 83 165 0 71 448 961 0 30 538 56 821 0 826 348 346 618 247 0 0 948 0 0 581 707 0 806 130 0 800 972 673 0 705 914 690 0 102 0 274 0 263 861 279 882 0 296 930 311 0 0 803 0 936 467 0 0 82 960 264 0 961 104 869 
485 788 903 208 107 694 428 0 611 0 33 0 0 0 663 408 172 0 0 73 0 756 590 0 393 867 0 0 137 87 910 847 0 913 118 90 787 500 210 47 207 0 128 482 907 728 410 0 0 993 138 0 0 153 0 0 970 0 0 0 0 0 249 572 0 685 727 0 360 187 32 93 515 407 811 4 404 616 403 686 0 0 635 626 630 951 394 836 0 704 18 56 876 0 569 673 996 926 936 559 799 0 737 429 140 0 0 935 312 59 250 394 0 37 249 0 793 985 181 184 416 0 485 0 680 468 25 0 568 0 0 711 135 154 189 349 973 208 0 620 
347 613 656 82 778 147 0 800 186 880 915 0 0 0 533 411 574 626 231 415 8 364 410 671 470 609 649 988 480 0 617 486 790 673 68 862 261 0 0 0 518 181 71 0 991 531 681 0 358 856 601 233 484 997 757 906 0 0 160 0 776 791 850 0 222 138 85 749 23 973 872 940 0 368 532 107 743 269 485 695 403 226 133 882 913 0 795 32 0 270 0 0 0 80 797 880 0 105 971 463 485 0 423 576 395 535 788 0 67 249 0 523 974 733 200 545 269 31 0 141 556 760 239 19 344 348 653 379 276 748 0 194 274 0 0 0 464 42 245 622 
0 186 0 301 620 0 843 39 552 510 375 631 663 533 0 969 0 0 783 420 840 818 342 277 65 408 470 460 154 0 804 83 964 461 0 907 0 587 443 134 961 965 92 251 0 95 930 0 486 0 748 256 139 709 963 329 832 495 817 0 0 756 90 0 590 699 0 0 14 0 668 303 581 434 0 202 59 489 0 0 0 0 162 984 480 707 476 259 0 104 305 0 0 0 0 364 799 473 278 734 494 85 0 0 737 0 681 823 0 0 589 0 501 234 424 135 929 868 0 742 747 514 188 724 371 47 863 929 0 0 447 717 980 323 0 201 703 0 173 0 
0 304 783 172 127 125 695 329 152 500 0 128 408 411 969 0 724 494 206 739 387 425 154 249 969 473 287 323 61 0 113 617 554 763 887 815 4 87 0 911 0 37 197 555 0 612 351 0 602 361 744 612 612 0 948 0 0 66 983 840 0 0 0 627 0 543 503 791 0 0 305 629 0 815 0 711 0 719 0 0 585 605 252 0 188 509 661 0 677 241 0 878 0 148 0 647 563 881 949 107 13 928 699 308 0 419 288 280 389 416 704 124 271 0 852 809 155 731 161 405 0 95 915 0 363 4 337 0 989 374 5 383 0 491 705 954 494 656 0 519 
316 0 9 407 854 411 384 0 598 458 354 0 172 574 0 724 0 0 814 733 731 356 0 0 0 909 852 726 0 0 742 121 0 726 563 829 815 0 324 730 31 429 0 180 0 0 546 0 648 49 738 254 760 0 786 903 0 803 94 544 0 143 623 967 324 630 995 611 0 758 287 682 942 0 283 0 319 641 924 240 376 409 785 0 427 0 725 373 713 791 899 440 0 780 835 830 142 284 671 616 383 179 22 0 762 878 944 968 59 829 0 720 412 0 378 21 134 968 0 167 53 34 133 381 50 519 460 0 530 607 785 71 273 152 949 438 67 354 960 0 
654 636 676 690 904 553 482 359 556 0 774 0 0 626 0 494 0 0 6 388 820 952 409 882 617 757 556 133 0 805 150 836 152 319 0 651 0 0 230 459 559 644 0 132 965 202 0 456 176 467 848 0 533 219 0 777 778 700 651 0 0 550 0 507 710 0 679 0 432 86 220 708 749 854 912 318 957 901 0 966 215 744 792 0 989 701 0 396 857 0 581 325 990 137 838 151 41 932 0 480 0 0 0 304 361 755 877 955 797 938 0 812 0 418 0 590 0 186 924 0 66 0 0 891 419 801 16 0 0 749 595 705 0 753 220 261 461 960 822 934 
343 0 465 0 23 77 369 974 0 0 202 150 0 231 783 206 814 6 0 877 575 730 582 311 934 542 0 196 757 839 412 741 443 0 210 177 729 347 317 540 653 834 574 206 0 29 154 244 444 706 862 619 0 64 521 0 146 195 912 887 11 418 72 973 100 507 161 531 0 896 0 453 0 286 0 828 0 478 999 492 786 303 682 737 71 0 0 947 756 404 836 294 52 829 305 615 544 725 0 328 372 928 741 252 0 169 0 165 965 223 364 0 873 0 956 990 0 0 653 351 557 425 665 996 317 236 451 960 247 392 206 170 251 118 970 0 526 831 0 826 
0 257 892 678 258 272 695 0 390 40 542 0 73 415 420 739 733 388 877 0 891 724 891 918 0 754 516 0 711 683 907 117 0 442 71 0 982 799 0 0 444 116 620 929 641 298 181 539 574 959 137 496 79 474 828 39 420 445 853 594 950 224 697 883 0 712 938 943 129 589 181 912 981 429 76 586 467 473 147 0 50 666 534 0 589 0 769 958 82 0 703 0 203 160 634 127 27 238 527 659 326 722 683 894 979 0 0 427 0 436 0 0 66 979 0 195 195 156 207 42 701 90 942 862 519 38 777 117 0 898 87 347 25 0 779 0 0 0 620 717 
623 744 804 0 533 0 247 859 266 549 569 0 0 8 840 387 731 820 575 891 0 459 828 640 448 0 809 255 233 382 593 759 42 743 853 257 460 555 0 124 841 882 220 0 0 566 984 227 993 570 647 96 0 0 67 0 662 0 651 842 172 787 822 328 106 383 197 960 0 0 724 113 443 868 0 164 101 575 0 26 0 56 0 988 0 0 974 0 0 0 253 990 606 939 0 898 0 29 0 0 0 300 601 0 394 969 693 0 0 657 770 453 189 0 432 52 0 176 330 0 0 0 109 556 129 651 0 331 0 779 254 57 0 0 444 909 919 729 700 334 
244 839 129 527 7 868 100 163 594 832 0 586 756 364 818 425 356 952 730 724 459 0 0 503 275 744 587 874 800 329 0 0 0 11 716 403 814 149 706 197 754 0 135 605 0 0 143 27 240 0 947 0 289 945 0 688 161 528 150 953 0 0 482 0 0 781 199 0 457 70 0 121 690 60 954 183 434 0 141 352 633 252 0 348 493 0 0 888 370 0 0 0 0 574 352 984 279 151 591 448 588 726 0 975 853 592 356 726 0 474 913 479 0 0 356 448 516 666 0 592 333 741 282 0 0 124 670 269 0 403 0 0 443 0 217 0 992 763 596 850 
946 996 683 0 223 599 835 0 510 853 732 131 590 410 342 154 0 409 582 891 828 0 0 372 0 330 936 992 41 951 460 772 68 319 0 268 934 45 47 891 0 38 0 534 698 501 312 800 288 228 0 374 22 37 313 111 293 0 548 0 805 569 717 1 393 0 95 135 0 599 559 596 970 585 368 138 0 871 735 287 0 472 552 448 988 466 40 335 416 851 16 189 789 0 558 8 248 0 981 241 0 612 840 928 945 995 51 330 485 553 0 154 266 0 275 925 0 0 919 687 599 977 164 208 250 43 710 28 0 852 479 885 694 163 454 910 0 251 0 0 
231 272 736 376 886 0 543 802 848 0 685 0 0 671 277 249 0 882 311 918 640 503 372 0 0 5 0 418 860 0 563 140 0 928 21 920 0 0 0 262 6 0 314 719 444 253 156 0 486 0 728 254 698 217 568 851 0 7 321 454 437 709 783 820 536 706 500 0 348 138 0 693 261 953 233 475 0 350 114 68 0 659 119 644 36 58 440 653 668 581 651 0 0 0 57 0 942 493 102 806 297 288 593 0 459 0 791 500 812 565 644 436 561 455 829 0 0 44 746 946 788 792 62 116 683 0 199 0 417 762 291 321 406 66 957 88 720 124 975 179 
829 811 657 125 48 781 0 129 867 27 489 0 393 470 65 969 0 617 934 0 448 275 0 0 0 566 727 384 863 0 876 168 114 0 988 550 574 0 0 0 331 316 0 747 0 0 494 0 952 0 850 716 548 157 430 961 558 919 887 449 0 95 163 0 750 653 214 503 0 253 0 508 0 828 627 109 0 74 398 778 241 264 829 650 704 0 870 0 338 0 363 342 896 322 580 0 771 289 594 241 0 0 229 839 0 656 246 0 347 852 31 312 207 0 945 647 535 703 792 112 808 826 732 562 868 242 733 0 251 13 992 154 275 184 898 780 142 122 735 12 
0 0 246 0 862 890 948 0 730 132 649 517 867 609 408 473 909 757 542 754 0 744 330 5 566 0 223 66 11 5 529 720 289 888 0 784 614 936 491 0 0 188 842 0 657 0 0 9 254 597 668 0 0 692 836 819 0 75 815 138 811 959 240 0 0 793 0 679 359 684 685 205 529 604 0 615 0 912 736 627 0 0 56 711 358 0 647 947 0 742 731 0 733 17 700 0 0 728 0 760 342 210 190 317 0 308 90 985 11 0 241 914 0 0 0 36 34 818 192 0 941 0 902 805 65 404 185 0 907 728 624 0 757 0 0 121 745 0 0 795 
0 943 0 975 0 0 788 184 25 692 0 0 0 649 470 287 852 556 0 516 809 587 936 0 727 223 0 543 818 553 578 77 689 999 983 697 0 443 0 813 0 863 371 786 770 0 592 497 0 462 389 0 0 441 286 159 433 184 706 967 518 0 180 279 0 0 0 0 879 732 734 520 0 125 0 752 834 351 68 0 0 27 51 0 660 837 29 164 166 0 456 616 681 943 900 904 40 995 721 727 451 850 0 834 24 458 513 287 0 767 653 496 197 390 0 0 676 0 869 296 108 19 0 0 33 0 875 0 0 584 0 381 412 788 247 375 562 702 760 0 
932 657 0 0 81 333 0 255 427 784 0 986 0 988 460 323 726 133 196 0 255 874 992 418 384 66 543 0 660 559 450 433 805 851 102 0 561 0 4 346 712 0 421 218 671 330 780 185 707 252 622 278 153 523 0 0 455 857 411 0 935 831 323 937 26 0 547 0 619 396 571 0 90 0 291 743 644 168 667 0 754 983 448 889 0 0 73 943 911 33 500 936 639 494 634 267 618 231 409 389 0 15 0 150 476 791 186 609 156 429 752 0 647 0 716 728 405 432 877 867 293 0 0 10 0 962 0 0 924 637 255 65 704 825 0 607 853 0 0 759 
861 253 0 147 0 356 0 698 232 237 423 387 137 480 154 61 0 0 757 711 233 800 41 860 863 11 818 660 0 79 41 526 51 105 22 0 974 409 724 0 577 695 744 556 906 0 790 900 777 505 0 0 708 90 526 173 762 0 847 0 451 53 772 823 0 487 0 650 471 917 939 57 0 0 714 227 34 985 421 0 0 23 137 0 243 0 737 824 572 552 742 990 867 0 927 279 534 423 0 218 234 0 900 728 200 250 859 0 173 0 395 625 0 0 454 0 0 0 0 50 890 993 568 519 870 909 869 593 0 299 672 28 4 950 57 6 318 981 143 925 
646 811 911 217 529 0 265 586 908 577 0 645 87 0 0 0 0 805 839 683 382 329 951 0 0 5 553 559 79 0 853 271 0 0 233 333 753 0 508 77 812 0 944 0 431 194 0 451 0 470 0 0 148 0 665 85 169 272 301 630 847 0 492 0 539 4 328 0 483 0 94 0 531 805 0 919 795 0 152 53 558 736 283 197 991 308 622 509 918 542 864 716 96 0 27 87 0 23 861 299 850 693 996 854 0 69 550 676 928 458 0 237 0 376 159 243 647 0 895 0 231 104 66 192 0 533 618 763 675 359 0 577 763 823 0 806 451 347 97 108 
234 159 254 685 184 790 0 524 0 840 566 978 910 617 804 113 742 150 412 907 593 0 460 563 876 529 578 450 41 853 0 710 0 549 0 0 0 637 585 201 768 0 14 0 816 336 560 789 267 74 946 569 410 23 557 312 405 14 924 380 383 195 0 304 877 0 0 407 351 21 198 131 592 306 457 0 179 12 680 387 207 0 0 0 794 0 373 558 178 656 258 251 0 0 430 0 0 0 58 92 810 31 311 0 502 0 219 0 719 901 821 377 61 376 839 90 325 0 184 0 874 982 20 358 339 0 43 449 415 501 648 977 443 166 0 0 695 0 0 232 
110 854 741 926 47 623 542 476 673 0 205 558 847 486 83 617 121 836 741 117 759 0 772 140 168 720 77 433 526 271 710 0 102 746 968 798 153 0 572 765 486 627 513 821 0 659 233 940 0 722 258 750 442 855 738 414 677 9 244 103 992 364 676 0 853 0 0 652 302 52 0 650 81 925 250 62 0 0 937 806 744 364 0 479 837 657 788 984 783 898 895 440 0 0 149 808 0 340 993 22 40 465 334 832 0 205 823 778 680 856 376 0 18 970 106 326 0 822 323 614 0 55 556 936 0 326 210 324 0 498 333 0 696 591 60 0 841 440 813 549 
74 0 292 659 0 0 85 474 2 0 458 363 0 790 964 554 0 152 443 0 42 0 68 0 114 289 689 805 51 0 0 102 0 0 772 333 222 453 842 550 462 20 308 256 556 500 754 416 415 360 423 524 659 44 0 138 0 926 25 390 0 297 457 0 412 384 888 0 804 0 812 0 492 8 577 0 934 778 0 597 549 210 453 598 512 0 0 132 0 935 0 918 54 127 460 54 279 0 351 0 466 457 902 620 40 353 0 239 0 376 658 427 0 0 0 291 552 0 414 41 197 536 223 0 894 0 0 300 694 677 735 0 194 635 0 792 472 401 679 0 
159 582 0 743 0 552 969 732 0 104 98 350 913 673 461 763 726 319 0 442 743 11 319 928 0 888 999 851 105 0 549 746 0 0 895 346 0 222 0 0 190 219 366 811 67 441 729 558 915 747 696 0 321 521 607 799 499 243 535 648 785 921 723 637 966 0 547 397 600 393 44 302 698 77 342 303 263 106 0 473 124 664 309 479 780 0 866 978 663 881 809 620 414 858 587 845 0 399 631 120 867 441 928 50 212 0 124 944 337 7 682 0 758 123 34 0 302 371 0 0 469 755 0 53 425 326 600 623 66 297 0 195 715 0 902 0 374 667 50 548 
644 10 380 700 945 588 884 109 371 62 0 235 118 68 0 887 563 0 210 71 853 716 0 21 988 0 983 102 22 233 0 968 772 895 0 21 954 886 0 328 128 126 545 154 196 912 0 228 497 652 647 118 433 777 997 0 0 0 389 0 707 0 0 371 623 496 711 431 0 0 0 0 201 833 705 0 0 664 513 750 901 330 46 586 786 77 888 644 0 0 0 884 0 931 396 936 709 756 719 393 838 830 901 0 289 583 508 785 704 954 246 990 284 283 552 294 0 836 0 570 496 136 79 0 557 0 371 35 0 0 799 470 8 976 0 378 922 6 0 772 
0 144 0 465 374 79 0 175 968 872 799 292 90 862 907 815 829 651 177 0 257 403 268 920 550 784 697 0 0 333 0 798 333 346 21 0 641 441 0 804 0 0 0 491 654 608 0 228 630 0 858 250 190 31 869 0 182 108 420 174 26 914 352 0 916 0 0 447 0 11 879 575 946 985 192 355 342 0 741 151 466 640 15 363 966 517 368 0 550 151 617 301 899 50 353 702 307 777 0 269 0 893 348 418 189 529 885 363 0 167 232 571 0 805 80 210 368 389 0 310 454 577 618 429 650 935 0 61 780 619 277 0 0 5 173 583 289 199 0 14 
0 119 281 936 534 257 839 186 0 219 0 818 787 261 0 4 815 0 729 982 460 814 934 0 574 614 0 561 974 753 0 153 222 0 954 641 0 0 487 432 713 146 805 993 0 113 0 0 223 190 0 490 516 503 445 0 614 888 487 448 563 126 228 615 218 897 0 223 0 672 185 0 462 610 881 0 920 134 107 254 655 887 514 223 305 580 697 829 0 627 45 574 0 723 350 577 725 28 218 392 995 0 0 226 159 103 242 110 888 347 770 786 937 820 39 242 851 0 14 0 0 370 583 277 250 8 890 863 118 794 53 80 577 0 797 222 546 587 0 241 
71 0 631 0 0 0 642 29 330 143 906 0 500 0 587 87 0 0 347 799 555 149 45 0 0 936 443 0 409 0 637 0 453 222 886 441 0 0 364 341 310 886 0 0 0 993 359 867 377 922 0 375 781 814 756 892 744 355 0 811 0 938 27 243 0 459 0 251 127 137 75 631 286 0 337 0 209 937 714 142 0 204 0 735 0 635 363 410 126 0 422 316 0 0 448 533 886 463 531 807 986 834 353 102 0 827 0 0 798 886 611 713 423 816 0 314 499 0 0 0 234 0 695 247 917 0 0 281 811 649 0 109 0 324 580 0 543 157 0 400 
0 22 0 722 0 533 0 666 578 834 781 0 210 0 443 0 324 230 317 0 0 706 47 0 0 491 0 4 724 508 585 572 842 0 0 0 487 364 0 7 370 0 35 0 0 0 575 700 124 241 617 717 0 242 477 930 404 528 0 384 144 45 0 38 0 825 250 243 960 622 0 22 57 955 443 60 65 288 563 614 0 128 57 179 626 0 722 9 0 0 298 647 277 788 27 137 401 991 0 0 776 472 0 500 0 137 770 873 562 689 151 0 333 0 0 382 0 0 140 294 341 957 425 0 0 990 764 0 512 0 837 366 921 114 0 0 961 0 914 0 
899 705 329 237 257 871 380 818 489 648 404 308 47 0 134 911 730 459 540 0 124 197 891 262 0 0 813 346 0 77 201 765 550 0 328 804 432 341 7 0 79 0 1 342 0 20 599 489 146 98 192 461 990 697 215 840 0 592 0 0 112 514 984 140 357 0 526 0 0 833 964 0 916 111 889 612 259 202 399 283 726 896 223 639 360 251 807 0 0 629 977 236 497 215 701 69 718 0 0 0 298 975 711 133 575 0 712 833 754 559 942 690 520 0 0 349 567 630 0 696 19 835 491 284 585 812 0 0 953 185 0 224 480 150 549 667 0 412 483 0 
209 0 908 725 844 996 550 359 642 73 0 104 207 518 961 0 31 559 653 444 841 754 0 6 331 0 0 712 577 812 768 486 462 190 128 0 713 310 370 79 0 0 209 0 341 0 702 714 0 860 127 863 296 998 159 571 356 784 973 0 73 927 630 0 0 490 337 0 419 0 0 267 51 138 130 147 29 865 89 440 0 218 225 800 422 37 841 0 441 309 623 617 86 0 173 0 0 111 0 348 137 0 113 0 597 774 289 933 643 900 416 400 735 190 427 237 115 781 225 0 183 843 270 418 752 859 520 676 192 0 52 56 0 437 228 848 573 0 585 560 
828 197 616 738 683 961 935 925 277 25 780 0 0 181 965 37 429 644 834 116 882 0 38 0 316 188 863 0 695 0 0 627 20 219 126 0 146 886 0 0 0 0 535 658 462 187 0 0 0 345 368 378 0 900 0 710 0 314 34 576 263 400 154 842 0 0 655 412 232 443 855 0 796 566 962 0 51 0 428 0 543 559 0 0 9 460 411 0 68 319 263 5 80 40 367 145 934 619 342 530 379 356 861 363 0 461 658 482 274 286 544 542 0 0 464 985 240 882 369 0 0 917 0 76 414 577 905 529 215 536 54 0 366 0 428 996 698 0 239 679 
0 0 179 727 696 846 945 32 958 428 266 703 128 71 92 197 0 0 574 620 220 135 0 314 0 842 371 421 744 944 14 513 308 366 545 0 805 0 35 1 209 535 0 14 107 255 0 888 492 284 188 466 769 65 857 758 209 375 891 0 0 355 0 722 738 146 146 99 405 831 500 0 0 185 668 628 0 0 0 103 57 483 24 228 0 431 0 357 623 834 128 528 121 126 993 0 0 378 378 607 499 591 158 517 0 437 844 820 648 993 0 0 0 451 0 848 574 58 422 623 814 588 348 0 807 266 0 0 878 0 664 342 549 0 0 0 0 0 0 54 
0 130 490 189 132 892 281 0 436 80 247 551 482 0 251 555 180 132 206 929 0 605 534 719 747 0 786 218 556 0 0 821 256 811 154 491 993 0 0 342 0 658 14 0 495 919 311 0 486 972 953 0 350 0 207 162 0 297 534 0 0 0 654 0 196 390 424 148 931 373 366 107 0 114 774 321 192 242 527 247 779 189 830 117 0 537 0 311 335 0 0 419 311 809 886 522 846 910 956 0 0 595 23 8 0 676 951 157 618 262 0 169 898 781 0 494 203 633 863 472 0 535 0 495 614 743 0 417 990 117 348 920 18 736 706 55 0 960 529 905 
258 284 596 0 144 673 303 744 77 733 0 633 907 991 0 0 0 965 0 641 0 0 698 444 0 657 770 671 906 431 816 0 556 67 196 654 0 0 0 0 341 462 107 495 0 0 451 0 145 379 0 974 0 776 0 160 0 0 819 0 0 57 0 26 769 0 204 837 135 0 0 0 0 179 870 823 0 385 716 0 0 869 750 77 731 660 260 622 153 565 822 727 0 488 772 0 0 0 0 0 839 204 716 817 822 843 457 132 922 223 494 825 709 824 0 0 70 652 919 644 0 784 710 378 975 805 619 7 0 0 461 732 918 0 423 675 660 415 277 710 
827 721 705 160 578 250 165 0 0 974 0 344 728 531 95 612 0 202 29 298 566 0 501 253 0 0 0 330 0 194 336 659 500 441 912 608 113 993 0 20 0 187 255 919 0 0 969 443 0 0 220 861 0 614 0 626 200 15 0 906 280 0 527 101 39 988 0 280 53 520 159 234 326 972 801 617 943 376 579 0 163 756 852 250 877 666 376 234 445 450 224 0 755 0 674 487 983 25 0 104 0 990 961 825 994 6 608 152 83 699 107 637 186 0 0 976 123 595 0 0 0 548 0 43 885 0 891 0 105 103 0 0 196 0 0 751 748 83 747 914 
355 699 724 145 321 251 402 985 418 643 0 0 410 681 930 351 546 0 154 181 984 143 312 156 494 0 592 780 790 0 560 233 754 729 0 0 0 359 575 599 702 0 0 311 451 969 0 425 683 133 0 0 0 320 513 693 0 991 38 0 84 489 668 0 310 0 526 920 258 58 0 181 0 0 601 273 882 282 84 0 892 0 0 278 311 0 0 0 0 819 0 232 636 955 851 910 518 996 734 0 0 51 865 0 714 326 102 0 0 379 320 0 428 660 265 879 16 0 974 426 335 384 964 632 151 621 0 111 932 442 379 602 0 0 873 332 0 76 0 817 
730 388 124 760 0 828 0 537 793 496 649 390 0 0 0 0 0 456 244 539 227 27 800 0 0 9 497 185 900 451 789 940 416 558 228 228 0 867 700 489 714 0 888 0 0 443 425 0 823 666 653 0 937 659 485 12 319 911 131 264 498 175 0 682 475 766 120 0 0 455 347 447 610 391 734 417 0 158 293 577 131 830 358 135 387 0 814 712 278 64 440 874 430 914 390 0 868 67 892 823 903 0 219 311 341 781 680 95 109 331 533 237 816 397 359 0 0 124 156 768 863 191 75 777 231 0 918 0 11 311 0 896 731 747 911 201 808 704 541 316 
336 32 681 382 0 256 0 196 188 334 0 653 0 358 486 602 648 176 444 574 993 240 288 486 952 254 0 707 777 0 267 0 415 915 497 630 223 377 124 146 0 0 492 486 145 0 683 823 0 989 637 86 0 791 320 854 0 0 801 0 309 372 250 0 338 849 633 184 0 147 213 740 0 0 587 73 490 15 50 0 954 108 0 840 587 807 0 104 0 228 288 848 0 0 0 571 407 0 0 0 0 420 418 588 0 506 499 737 262 398 790 326 807 194 643 129 258 23 0 133 0 682 190 0 476 0 433 536 665 375 661 232 0 828 145 0 53 811 0 789 
0 894 882 0 0 587 0 705 180 627 808 0 993 856 0 361 49 467 706 959 570 0 228 0 0 597 462 252 505 470 74 722 360 747 652 0 190 922 241 98 860 345 284 972 379 0 133 666 989 0 532 963 682 723 3 3 694 499 0 547 78 89 862 0 265 206 308 0 534 612 0 268 0 0 550 100 811 0 127 670 913 809 830 400 0 981 0 265 530 944 378 499 885 0 0 0 407 404 0 0 0 0 368 67 951 51 833 419 444 917 0 0 459 0 482 0 0 0 0 0 29 618 0 132 668 576 509 751 459 663 691 872 856 788 690 180 0 76 0 89 
281 138 895 717 812 0 133 566 51 708 443 979 138 601 748 744 738 848 862 137 647 947 0 728 850 668 389 622 0 0 946 258 423 696 647 858 0 0 617 192 127 368 188 953 0 220 0 653 637 532 0 0 43 226 561 0 0 982 651 125 0 286 182 0 443 26 251 669 136 564 777 668 270 312 583 681 178 717 299 509 574 0 0 188 351 0 666 193 696 499 751 558 0 262 0 427 592 960 0 575 0 248 0 507 194 792 135 157 544 80 835 851 270 893 501 1 591 294 62 462 537 0 797 73 688 409 448 940 712 551 929 240 167 762 0 823 922 0 0 0 
739 0 123 474 793 0 10 272 0 575 737 0 0 233 256 612 254 0 619 496 96 0 374 254 716 0 0 278 0 0 569 750 524 0 118 250 490 375 717 461 863 378 466 0 974 861 0 0 86 963 0 0 0 432 940 873 605 644 932 789 0 405 376 0 827 20 100 329 260 95 704 0 0 0 384 189 0 328 115 706 0 821 146 423 565 328 0 305 258 999 16 92 897 977 816 0 143 0 570 0 238 589 0 854 331 162 510 122 274 409 419 200 986 0 259 253 183 383 505 764 653 492 143 58 27 764 663 0 255 71 621 0 258 126 512 762 32 2 889 496 
386 764 0 0 0 836 102 593 371 798 39 978 0 484 139 612 760 533 0 79 0 289 22 698 548 0 0 153 708 148 410 442 659 321 433 190 516 781 0 990 296 0 769 350 0 0 0 937 0 682 43 0 0 0 342 309 0 32 394 365 705 806 477 143 413 0 977 192 151 577 793 399 122 912 0 713 0 286 797 0 803 196 377 231 99 87 0 670 170 683 0 0 782 0 655 0 247 879 0 0 0 13 581 773 815 190 905 842 804 0 0 750 0 510 52 656 32 334 442 0 329 9 0 653 714 4 338 503 0 0 0 235 731 267 228 0 832 0 888 0 
406 226 472 458 0 804 887 0 0 249 111 559 153 997 709 0 0 219 64 474 0 945 37 217 157 692 441 523 90 0 23 855 44 521 777 31 503 814 242 697 998 900 65 0 776 614 320 659 791 723 226 432 0 0 0 464 103 0 207 782 0 202 403 414 462 227 299 978 252 370 693 529 706 577 0 390 391 17 0 692 849 0 241 0 879 260 0 669 695 432 733 0 18 462 232 194 0 202 232 100 903 336 671 247 57 0 743 0 88 632 880 776 906 600 834 0 865 243 394 450 409 683 282 411 487 341 427 0 521 0 908 658 548 294 154 580 504 746 529 305 
92 196 456 671 112 239 134 772 95 226 242 0 0 757 963 948 786 0 521 828 67 0 313 568 430 836 286 0 526 665 557 738 0 607 997 869 445 756 477 215 159 0 857 207 0 0 513 485 320 3 561 940 342 0 0 0 404 56 934 0 683 0 731 820 501 256 0 185 636 86 908 268 0 182 258 333 700 0 0 677 0 0 125 22 241 414 0 0 214 581 0 78 394 268 959 0 11 560 0 0 285 0 648 0 0 627 0 765 240 662 0 892 0 963 47 0 507 691 373 774 0 0 452 0 615 0 307 951 69 0 0 370 884 0 352 470 620 0 26 304 
467 471 832 581 0 800 388 385 0 67 574 904 0 906 329 0 903 777 0 39 0 688 111 851 961 819 159 0 173 85 312 414 138 799 0 0 0 892 930 840 571 710 758 162 160 626 693 12 854 3 0 873 309 464 0 0 767 355 198 993 0 229 452 675 463 344 498 184 811 430 79 0 141 401 0 773 147 969 244 0 646 47 0 528 963 133 540 533 856 73 400 803 0 85 790 781 318 219 205 128 911 24 816 0 917 916 0 553 0 247 0 0 0 0 250 421 0 166 0 514 0 488 973 637 307 0 901 436 0 389 198 884 0 781 0 488 316 181 906 694 
902 996 137 559 994 81 0 320 752 0 530 170 970 0 832 0 0 778 146 420 662 161 293 0 558 0 433 455 762 169 405 677 0 499 0 182 614 744 404 0 356 0 209 0 0 200 0 319 0 694 0 605 0 103 404 767 0 132 0 0 799 391 95 178 408 597 0 0 239 619 601 651 0 261 975 131 0 273 339 202 707 842 158 0 140 579 246 210 505 433 397 154 0 0 276 171 173 746 819 653 928 53 299 732 288 274 0 281 77 0 920 174 4 634 912 67 395 345 547 656 86 0 494 692 217 81 533 90 795 121 0 0 731 43 505 794 307 794 0 201 
523 826 660 795 172 0 868 424 0 131 0 680 0 0 495 66 803 700 195 445 0 528 0 7 919 75 184 857 0 272 14 9 926 243 0 108 888 355 528 592 784 314 375 297 0 15 991 911 0 499 982 644 32 0 56 355 132 0 0 930 365 0 422 426 111 131 378 648 987 934 250 135 498 950 646 296 0 769 878 385 263 664 339 0 0 667 556 99 0 115 829 846 0 934 390 0 816 738 983 92 232 0 687 751 952 17 882 393 200 830 0 0 20 618 897 0 642 350 246 794 0 556 380 936 517 27 406 154 957 0 867 933 862 0 872 0 926 836 0 548 
0 842 0 211 84 0 588 55 184 175 685 0 0 160 817 983 94 651 912 853 651 150 548 321 887 815 706 411 847 301 924 244 25 535 389 420 487 0 0 0 973 34 891 534 819 0 38 131 801 0 651 932 394 207 934 198 0 0 0 846 620 754 540 688 0 233 368 0 974 825 496 0 536 216 391 91 85 0 0 444 728 268 811 317 0 544 729 0 555 0 108 202 0 472 701 785 0 174 453 265 30 574 410 0 979 0 781 234 615 862 0 846 986 361 249 131 0 466 356 534 271 636 68 173 799 421 0 64 543 113 575 55 566 766 508 888 328 422 444 466 
553 648 169 962 850 113 993 101 768 943 109 625 0 0 0 840 544 0 887 594 842 953 0 454 449 138 967 0 0 630 380 103 390 648 0 174 448 811 384 0 0 576 0 0 0 906 0 264 0 547 125 789 365 782 0 993 0 930 846 0 0 0 751 547 553 0 670 662 633 329 0 899 50 0 111 0 838 805 748 366 326 985 0 0 853 488 0 55 0 213 643 0 0 212 751 305 853 323 388 516 601 383 0 0 0 262 704 0 0 0 323 886 0 584 0 392 555 102 706 0 145 989 859 0 0 172 829 0 531 576 568 337 542 995 423 0 598 0 108 225 
322 0 425 969 432 0 375 195 0 0 0 0 0 776 0 0 0 0 11 950 172 0 805 437 0 811 518 935 451 847 383 992 0 785 707 26 563 0 144 112 73 263 0 0 0 280 84 498 309 78 0 0 705 0 683 0 799 365 620 0 0 300 567 152 40 778 0 0 874 823 233 874 482 0 88 330 423 0 0 733 747 0 0 176 0 0 0 171 0 594 169 988 895 0 13 949 0 396 333 214 239 954 744 362 485 0 694 840 506 259 504 747 864 0 598 235 200 845 0 200 0 962 492 247 0 0 383 99 121 103 235 548 254 0 324 850 0 0 777 744 
477 434 724 678 40 851 811 595 626 624 756 244 0 791 756 0 143 550 418 224 787 0 569 709 95 959 0 831 53 0 195 364 297 921 0 914 126 938 45 514 927 400 355 0 57 0 489 175 372 89 286 405 806 202 0 229 391 0 754 0 300 0 317 913 0 94 953 0 0 0 817 964 538 87 297 0 907 614 0 5 867 809 722 357 19 746 643 0 0 211 482 210 525 326 639 89 892 0 570 726 0 0 827 731 911 662 830 840 24 487 164 371 339 0 487 446 945 160 985 348 762 0 749 0 475 458 580 916 663 906 0 0 0 70 801 631 237 508 0 277 
0 613 197 0 310 0 0 360 234 818 0 152 249 850 90 0 623 0 72 697 822 482 717 783 163 240 180 323 772 492 0 676 457 723 0 352 228 27 0 984 630 154 0 654 0 527 668 0 250 862 182 376 477 403 731 452 95 422 540 751 567 317 0 630 584 0 446 0 199 86 0 619 358 532 496 0 810 418 235 833 511 757 293 740 357 557 476 299 597 23 999 0 302 766 540 313 169 208 63 104 249 0 657 316 766 206 280 316 136 940 620 80 736 412 915 820 539 71 952 0 946 245 365 890 562 675 0 265 321 0 204 549 603 764 740 0 187 48 45 646 
424 0 70 280 899 941 934 849 91 0 627 0 572 0 0 627 967 507 973 883 328 0 1 820 0 0 279 937 823 0 304 0 0 637 371 0 615 243 38 140 0 842 722 0 26 101 0 682 0 0 0 0 143 414 820 675 178 426 688 547 152 913 630 0 0 993 0 141 372 547 188 0 973 853 104 749 315 82 39 673 161 0 911 926 0 0 479 403 180 291 856 0 0 0 238 0 380 0 4 944 19 169 277 0 131 98 0 856 313 684 528 0 371 874 655 0 0 227 0 644 153 743 517 0 964 0 704 526 536 732 0 0 0 588 0 258 0 440 851 586 
576 555 216 319 0 0 0 743 156 656 630 446 0 222 590 0 324 710 100 0 106 0 393 536 750 0 0 26 0 539 877 853 412 966 623 916 218 0 0 357 0 0 738 196 769 39 310 475 338 265 443 827 413 462 501 463 408 111 0 553 40 0 584 0 0 561 128 328 720 0 0 764 840 257 0 935 0 0 5 0 910 360 31 529 806 942 272 289 0 681 950 597 866 251 779 0 0 712 0 837 0 398 0 442 325 0 356 863 728 488 0 69 0 3 60 613 482 655 562 730 178 41 0 817 541 945 0 0 584 526 0 883 785 280 417 732 0 7 0 141 
708 142 561 708 140 199 170 179 243 0 0 644 685 138 699 543 630 0 507 712 383 781 0 706 653 793 0 0 487 4 0 0 384 0 496 0 897 459 825 0 490 0 146 390 0 988 0 766 849 206 26 20 0 227 256 344 597 131 233 0 778 94 0 993 561 0 197 0 222 673 964 0 707 771 288 0 492 225 97 122 0 417 0 609 87 963 12 463 876 0 733 0 0 0 855 675 901 64 372 492 0 664 924 304 298 179 6 0 21 216 255 0 576 395 326 107 202 772 822 740 382 0 782 505 0 0 467 540 0 51 0 0 0 0 0 115 0 116 238 0 
518 533 0 163 44 0 0 717 965 222 412 565 727 85 0 503 995 679 161 938 197 199 95 500 214 0 0 547 0 328 0 0 888 547 711 0 0 0 250 526 337 655 146 424 204 0 526 120 633 308 251 100 977 299 0 498 0 378 368 670 0 953 446 0 128 197 0 918 0 61 0 450 938 906 806 955 695 241 35 650 800 567 858 0 370 460 936 101 646 613 3 746 517 771 656 707 0 347 889 10 931 19 303 704 185 627 209 787 0 126 844 0 920 474 0 922 105 908 543 172 858 0 552 869 700 625 112 0 402 414 0 282 39 208 775 243 382 522 426 505 
586 0 0 539 198 40 952 562 591 59 238 461 0 749 0 791 611 0 531 943 960 0 135 0 503 679 0 0 650 0 407 652 0 397 431 447 223 251 243 0 0 412 99 148 837 280 920 0 184 0 669 329 192 978 185 184 0 648 0 662 0 0 0 141 328 0 918 0 673 289 32 390 989 0 183 607 0 0 674 588 144 181 671 0 992 915 785 872 682 107 0 572 996 454 678 168 708 0 0 976 914 560 613 0 0 154 168 84 947 314 417 0 786 354 319 476 481 394 0 0 827 0 0 0 422 762 0 0 344 172 88 0 406 344 874 780 0 196 476 0 
668 483 149 0 389 249 853 0 244 316 496 0 360 23 14 0 0 432 0 129 0 457 0 348 0 359 879 619 471 483 351 302 804 600 0 0 0 127 960 0 419 232 405 931 135 53 258 0 0 534 136 260 151 252 636 811 239 987 974 633 874 0 199 372 720 222 0 673 0 273 28 327 0 707 22 0 0 798 0 365 582 640 222 102 633 282 972 681 293 534 317 942 360 634 0 0 401 142 444 255 119 733 574 216 57 441 530 52 0 148 0 130 0 34 229 85 367 427 47 549 101 295 770 847 692 0 157 702 0 208 976 371 0 920 756 827 675 848 266 831 
804 479 932 0 357 463 266 937 0 0 955 109 187 973 0 0 758 86 896 589 0 70 599 138 253 684 732 396 917 0 21 52 0 393 0 11 672 137 622 833 0 443 831 373 0 520 58 455 147 612 564 95 577 370 86 430 619 934 825 329 823 0 86 547 0 673 61 289 273 0 297 172 869 0 7 590 0 817 873 0 0 0 985 0 818 29 318 809 420 0 124 480 700 929 785 0 0 447 751 45 0 903 764 90 0 463 51 413 83 0 499 493 885 94 608 0 374 302 585 795 166 69 278 625 441 665 943 0 120 186 768 651 0 897 0 319 61 959 0 0 
458 814 539 793 708 0 989 139 672 224 649 461 32 872 668 305 287 220 0 181 724 0 559 0 0 685 734 571 939 94 198 0 812 44 0 879 185 75 0 964 0 855 500 366 0 159 0 347 213 0 777 704 793 693 908 79 601 250 496 0 233 817 0 188 0 964 0 32 28 297 0 0 0 541 0 567 0 0 0 620 720 165 669 469 0 488 790 602 0 0 44 793 82 287 216 194 309 803 239 848 899 718 737 852 0 784 66 977 410 0 357 29 741 917 0 0 415 0 931 0 156 0 893 969 757 522 771 0 436 634 479 124 188 922 0 975 959 476 0 917 
853 0 328 37 547 809 725 711 795 999 0 98 93 940 303 629 682 708 453 912 113 121 596 693 508 205 520 0 57 0 131 650 0 302 0 575 0 631 22 0 267 0 0 107 0 234 181 447 740 268 668 0 399 529 268 0 651 135 0 899 874 964 619 0 764 0 450 390 327 172 0 0 737 366 0 759 0 0 704 0 336 572 86 766 758 216 0 936 321 0 468 0 291 493 0 403 968 211 194 600 796 0 188 86 415 709 952 0 564 283 780 0 607 649 539 828 399 0 102 485 678 812 82 0 0 221 92 0 362 850 929 281 0 341 818 876 505 0 642 448 
655 395 642 398 0 491 47 101 460 402 617 66 515 0 581 0 942 749 0 981 443 690 970 261 0 529 0 90 0 531 592 81 492 698 201 946 462 286 57 916 51 796 0 0 0 326 0 610 0 0 270 0 122 706 0 141 0 498 536 50 482 538 358 973 840 707 938 989 0 869 0 737 0 588 0 261 0 579 0 256 965 0 305 759 318 0 416 10 871 0 276 101 503 755 0 246 45 867 469 551 989 0 644 30 318 0 334 446 0 167 117 762 0 225 0 737 0 389 0 793 880 802 432 944 279 942 403 899 0 0 949 736 80 90 911 166 982 965 702 46 
609 0 478 643 404 572 821 363 668 0 344 281 407 368 434 815 0 854 286 429 868 60 585 953 828 604 125 0 0 805 306 925 8 77 833 985 610 0 955 111 138 566 185 114 179 972 0 391 0 0 312 0 912 577 182 401 261 950 216 0 0 87 532 853 257 771 906 0 707 0 541 366 588 0 70 0 0 930 973 989 281 0 639 21 924 0 0 0 0 924 152 159 892 0 0 0 0 0 936 0 845 643 441 376 117 0 0 5 170 971 263 374 0 944 966 437 0 40 441 87 837 0 0 768 504 0 0 859 447 0 725 272 587 121 645 313 31 254 926 301 
173 512 778 0 0 289 401 596 617 855 943 0 811 532 0 0 283 912 0 76 0 954 368 233 627 0 0 291 714 0 457 250 577 342 705 192 881 337 443 889 130 962 668 774 870 801 601 734 587 550 583 384 0 0 258 0 975 646 391 111 88 297 496 104 0 288 806 183 22 7 0 0 0 70 0 280 573 115 457 19 202 814 63 548 493 887 194 0 43 146 331 125 757 681 482 38 65 30 904 200 0 632 303 81 291 965 0 170 624 0 0 563 0 671 348 0 795 189 607 846 0 681 291 95 153 0 161 0 307 924 807 141 493 247 479 886 496 323 816 0 
81 0 838 0 0 0 746 698 376 230 47 608 4 107 202 711 0 318 828 586 164 183 138 475 109 615 752 743 227 919 0 62 0 303 0 355 0 0 60 612 147 0 628 321 823 617 273 417 73 100 681 189 713 390 333 773 131 296 91 0 330 0 0 749 935 0 955 607 0 590 567 759 261 0 280 0 195 426 712 0 96 188 0 683 0 652 959 0 550 217 204 86 752 58 0 0 417 176 0 408 959 0 593 0 279 0 505 0 966 681 839 925 893 495 340 95 481 0 602 791 967 145 640 0 794 0 0 0 0 607 578 277 241 0 0 687 0 0 954 0 
683 24 924 0 262 613 360 0 29 844 0 557 404 743 59 0 319 957 0 467 101 434 0 0 0 0 834 644 34 795 179 0 934 263 0 342 920 209 65 259 29 51 0 192 0 943 882 0 490 811 178 0 0 391 700 147 0 0 85 838 423 907 810 315 0 492 695 0 0 0 0 0 0 0 573 195 0 926 764 600 870 0 491 646 161 0 99 301 765 0 881 934 0 0 19 819 0 582 96 0 0 595 0 11 262 487 684 128 0 175 144 0 155 659 959 222 0 817 659 0 0 271 496 334 845 940 538 150 602 654 744 0 13 566 264 327 221 530 687 3 
0 602 618 0 936 203 656 60 0 82 704 83 616 269 489 719 641 901 478 473 575 0 871 350 74 912 351 168 985 0 12 0 778 106 664 0 134 937 288 202 865 0 0 242 385 376 282 158 15 0 717 328 286 17 0 969 273 769 0 805 0 614 418 82 0 225 241 0 798 817 0 0 579 930 115 426 926 0 706 1 240 440 496 760 872 296 0 210 0 237 326 187 0 395 910 528 890 0 814 0 153 205 413 796 147 627 0 0 48 121 760 767 0 58 597 936 134 689 852 0 138 870 854 0 0 0 974 40 763 618 106 323 29 94 484 0 906 291 118 54 
0 36 925 442 8 238 0 475 0 285 109 165 403 485 0 0 924 0 999 147 0 141 735 114 398 736 68 667 421 152 680 937 0 0 513 741 107 714 563 399 89 428 0 527 716 579 84 293 50 127 299 115 797 0 0 244 339 878 0 748 0 0 235 39 5 97 35 674 0 873 0 704 0 973 457 712 764 706 0 0 698 521 0 118 0 0 0 0 0 95 0 0 168 18 951 171 0 631 687 130 80 927 632 0 677 0 0 958 172 992 118 0 274 706 411 303 48 0 539 0 252 440 785 845 0 667 288 235 993 525 583 647 766 114 983 750 602 443 0 0 
740 589 0 996 596 675 100 973 629 784 882 0 686 695 0 0 240 966 492 0 26 352 287 68 778 627 0 0 0 53 387 806 597 473 750 151 254 142 614 283 440 0 103 247 0 0 0 577 0 670 509 706 0 692 677 0 202 385 444 366 733 5 833 673 0 122 650 588 365 0 620 0 256 989 19 0 600 1 0 0 26 528 0 439 0 96 0 735 48 2 283 459 942 28 536 984 140 0 402 794 0 280 810 18 0 203 0 0 46 325 0 936 92 0 237 254 0 0 969 968 228 838 913 0 189 96 665 335 582 0 327 883 601 248 639 390 962 401 780 0 
993 89 282 0 887 261 86 567 936 0 513 71 0 403 0 585 376 215 786 50 0 633 0 0 241 0 0 754 0 558 207 744 549 124 901 466 655 0 0 726 0 543 57 779 0 163 892 131 954 913 574 0 803 849 0 646 707 263 728 326 747 867 511 161 910 0 800 144 582 0 720 336 965 281 202 96 870 240 698 26 0 213 705 858 937 848 607 826 280 884 425 947 812 0 500 0 0 0 0 780 766 0 42 711 270 932 510 759 671 531 0 413 808 0 695 857 494 978 458 928 409 919 863 754 494 0 0 564 0 433 77 619 661 129 0 699 993 519 786 207 
0 276 34 747 43 684 254 42 177 468 0 448 0 226 0 605 409 744 303 666 56 252 472 659 264 0 27 983 23 736 0 364 210 664 330 640 887 204 128 896 218 559 483 189 869 756 0 830 108 809 0 821 196 0 0 47 842 664 268 985 0 809 757 0 360 417 567 181 640 0 165 572 0 0 814 188 0 440 521 528 213 0 354 494 368 701 168 65 947 831 706 0 871 438 0 616 0 0 483 770 507 0 939 0 557 0 0 113 761 980 414 770 0 40 0 361 500 0 0 63 666 0 0 0 868 82 3 342 919 808 635 724 802 881 624 90 85 815 689 908 
0 0 0 0 67 115 892 764 889 0 49 961 635 133 162 252 785 792 682 534 0 0 552 119 829 56 51 448 137 283 0 0 453 309 46 15 514 0 57 223 225 0 24 830 750 852 0 358 0 830 0 146 377 241 125 0 158 339 811 0 0 722 293 911 31 0 858 671 222 985 669 86 305 639 63 0 491 496 0 0 705 354 0 955 0 0 286 32 171 865 0 0 788 42 936 259 0 0 547 643 316 0 962 169 107 355 0 374 211 149 300 617 25 673 400 69 160 674 0 795 323 57 0 0 314 985 0 463 242 799 0 0 656 0 277 586 997 443 0 1 
763 818 482 310 197 0 0 830 680 546 977 0 626 882 984 0 0 0 737 0 988 348 448 644 650 711 0 889 0 197 0 479 598 479 586 363 223 735 179 639 800 0 228 117 77 250 278 135 840 400 188 423 231 0 22 528 0 0 317 0 176 357 740 926 529 609 0 0 102 0 469 766 759 21 548 683 646 760 118 439 858 494 955 0 278 0 658 615 0 936 120 28 0 949 0 0 0 0 375 380 0 351 901 0 675 0 667 199 0 428 0 0 576 890 384 298 629 637 341 0 735 864 0 0 918 843 0 168 267 0 519 147 0 631 290 611 0 837 361 710 
0 496 0 858 640 446 0 0 306 520 971 30 630 913 480 188 427 989 71 589 0 493 988 36 704 358 660 0 243 991 794 837 512 780 786 966 305 0 626 360 422 9 0 0 731 877 311 387 587 0 351 565 99 879 241 963 140 0 0 853 0 19 357 0 806 87 370 992 633 818 0 758 318 924 493 0 161 872 0 0 937 368 0 278 0 112 905 345 0 767 95 561 0 533 490 423 823 880 0 445 0 465 57 0 472 486 438 274 232 313 625 673 0 282 22 850 146 29 0 0 0 0 758 851 0 128 221 529 178 826 725 270 83 884 350 11 426 504 809 246 
299 399 722 628 740 693 740 435 456 0 388 538 951 0 707 509 0 701 0 0 0 0 466 58 0 0 837 0 0 308 0 657 0 0 77 517 580 635 0 251 37 460 431 537 660 666 0 0 807 981 0 328 87 260 414 133 579 667 544 488 0 746 557 0 942 963 460 915 282 29 488 216 0 0 887 652 0 296 0 96 848 701 0 0 112 0 0 0 238 132 471 803 552 392 659 945 804 425 201 636 32 996 832 940 687 624 846 773 949 58 611 92 861 606 50 570 180 486 0 102 847 0 423 918 34 446 0 0 665 940 207 0 0 858 612 515 322 493 887 0 
875 217 849 0 0 373 661 426 708 102 682 56 394 795 476 661 725 0 0 769 974 0 40 440 870 647 29 73 737 622 373 788 0 866 888 368 697 363 722 807 841 411 0 0 260 376 0 814 0 0 666 0 0 0 0 540 246 556 729 0 0 643 476 479 272 12 936 785 972 318 790 0 416 0 194 959 99 0 0 0 607 168 286 658 905 0 0 331 663 740 7 993 68 472 100 415 335 52 301 421 0 405 779 0 0 714 776 0 0 471 406 18 0 295 972 0 753 165 0 0 10 532 772 748 0 936 0 0 808 48 264 511 190 41 151 231 591 313 0 746 
183 660 286 411 868 516 958 632 514 169 820 821 836 32 259 0 373 396 947 958 0 888 335 653 0 947 164 943 824 509 558 984 132 978 644 0 829 410 9 0 0 0 357 311 622 234 0 712 104 265 193 305 670 669 0 533 210 99 0 55 171 0 299 403 289 463 101 872 681 809 602 936 10 0 0 0 301 210 0 735 826 65 32 615 345 0 331 0 0 0 638 179 476 85 238 0 0 169 815 548 772 889 149 0 652 0 772 928 0 896 0 146 562 303 0 100 483 0 606 0 0 735 112 824 508 800 675 684 289 62 0 0 954 912 879 0 0 0 657 0 
851 832 874 0 0 520 914 0 0 58 453 0 0 0 0 677 713 857 756 82 0 370 416 668 338 0 166 911 572 918 178 783 0 663 0 550 0 126 0 0 441 68 623 335 153 445 0 278 0 530 696 258 170 695 214 856 505 0 555 0 0 0 597 180 0 876 646 682 293 420 0 321 871 0 43 550 765 0 0 48 280 947 171 0 0 238 663 0 0 700 836 128 691 96 151 817 995 0 214 532 583 749 0 0 0 384 688 0 475 35 466 426 765 0 800 156 360 102 66 465 0 737 3 0 0 54 0 223 450 527 0 80 777 75 0 327 587 504 536 437 
0 700 924 0 195 731 736 0 0 643 601 826 704 270 104 241 791 0 404 0 0 0 851 581 0 742 0 33 552 542 656 898 935 881 0 151 627 0 0 629 309 319 834 0 565 450 819 64 228 944 499 999 683 432 581 73 433 115 0 213 594 211 23 291 681 0 613 107 534 0 0 0 0 924 146 217 0 237 95 2 884 831 865 936 767 132 740 0 700 0 232 0 34 789 0 0 0 207 612 937 0 0 301 683 707 592 0 928 333 841 56 162 108 621 502 330 0 0 831 116 72 224 0 0 0 0 12 661 0 240 50 243 0 748 0 524 644 0 480 985 
814 667 755 34 33 777 52 280 188 692 459 348 18 0 305 0 899 581 836 703 253 0 16 651 363 731 456 500 742 864 258 895 0 809 0 617 45 422 298 977 623 263 128 0 822 224 0 440 288 378 751 16 0 733 0 400 397 829 108 643 169 482 999 856 950 733 3 0 317 124 44 468 276 152 331 204 881 326 0 283 425 706 0 120 95 471 7 638 836 232 0 0 335 329 202 697 169 240 696 225 544 500 0 0 51 454 19 497 0 520 407 829 0 0 623 333 901 901 816 559 0 0 38 0 865 0 0 608 480 489 467 0 994 367 0 41 705 741 610 888 
14 0 0 954 670 962 0 152 373 916 499 346 56 0 0 878 440 325 294 0 990 0 189 0 342 0 616 936 990 716 251 440 918 620 884 301 574 316 647 236 617 5 528 419 727 0 232 874 848 499 558 92 0 0 78 803 154 846 202 0 988 210 0 0 597 0 746 572 942 480 793 0 101 159 125 86 934 187 0 459 947 0 0 28 561 803 993 179 128 0 0 0 0 137 235 411 846 833 556 923 63 0 0 309 281 268 138 393 958 413 0 908 874 0 21 262 526 725 593 285 740 256 916 455 757 19 0 649 768 198 0 144 41 0 343 613 169 0 206 593 
656 894 0 201 697 159 795 375 8 654 648 618 876 0 0 0 0 990 52 203 606 0 789 0 896 733 681 639 867 96 0 0 54 414 0 899 0 0 277 497 86 80 121 311 0 755 636 430 0 885 0 897 782 18 394 0 0 0 0 0 895 525 302 0 866 0 517 996 360 700 82 291 503 892 757 752 0 0 168 942 812 871 788 0 0 552 68 476 691 34 335 0 0 451 0 591 344 0 198 0 0 0 518 563 61 179 0 23 0 798 211 0 277 0 289 327 281 801 0 0 125 675 703 785 631 910 712 633 26 596 567 0 200 539 22 672 0 355 0 966 
107 341 829 460 842 0 402 85 0 241 598 247 0 80 0 148 780 137 829 160 939 574 0 0 322 17 943 494 0 0 0 0 127 858 931 50 723 0 788 215 0 40 126 809 488 0 955 914 0 0 262 977 0 462 268 85 0 934 472 212 0 326 766 0 251 0 771 454 634 929 287 493 755 0 681 58 0 395 18 28 0 438 42 949 533 392 472 85 96 789 329 137 451 0 734 604 402 212 0 656 913 670 223 389 990 0 246 39 480 845 205 288 0 0 306 70 700 425 403 131 876 384 891 735 0 272 33 91 397 0 992 0 848 41 908 0 115 5 764 0 
977 88 247 0 886 0 899 266 913 361 768 0 569 797 0 0 835 838 305 634 0 352 558 57 580 700 900 634 927 27 430 149 460 587 396 353 350 448 27 701 173 367 993 886 772 674 851 390 0 0 0 816 655 232 959 790 276 390 701 751 13 639 540 238 779 855 656 678 0 785 216 0 0 0 482 0 19 910 951 536 500 0 936 0 490 659 100 238 151 0 202 235 0 734 0 56 156 0 720 941 913 594 891 0 784 912 167 485 0 940 0 412 761 662 477 359 904 599 0 585 0 0 344 224 912 335 0 984 272 183 0 603 638 268 631 886 311 0 697 59 
394 383 994 452 465 133 377 0 173 0 702 0 673 880 364 647 830 151 615 127 898 984 8 0 0 0 904 267 279 87 0 808 54 845 936 702 577 533 137 69 0 145 0 522 0 487 910 0 571 0 427 0 0 194 0 781 171 0 785 305 949 89 313 0 0 675 707 168 0 0 194 403 246 0 38 0 819 528 171 984 0 616 259 0 423 945 415 0 817 0 697 411 591 604 56 0 390 676 488 492 363 743 383 307 419 891 42 947 930 864 33 776 0 93 657 745 793 441 710 975 517 586 791 754 0 0 169 260 512 518 238 264 0 682 402 0 302 545 121 847 
0 0 539 161 932 0 143 1 332 962 202 948 996 0 799 563 142 41 544 27 0 279 248 942 771 0 40 618 534 0 0 0 279 0 709 307 725 886 401 718 0 934 0 846 0 983 518 868 407 407 592 143 247 0 11 318 173 816 0 853 0 892 169 380 0 901 0 708 401 0 309 968 45 0 65 417 0 890 0 140 0 0 0 0 823 804 335 0 995 0 169 846 344 402 156 390 0 0 875 0 106 0 792 729 76 43 920 285 8 427 485 889 760 693 0 331 555 0 105 637 0 799 0 108 0 567 588 0 325 209 0 877 420 0 284 516 896 806 0 0 
466 860 201 598 138 0 19 0 0 184 777 0 926 105 473 881 284 932 725 238 29 151 0 493 289 728 995 231 423 23 0 340 0 399 756 777 28 463 991 0 111 619 378 910 0 25 996 67 0 404 960 0 879 202 560 219 746 738 174 323 396 0 208 0 712 64 347 0 142 447 803 211 867 0 30 176 582 0 631 0 0 0 0 0 880 425 52 169 0 207 240 833 0 212 0 676 0 0 393 33 878 0 0 46 117 0 54 143 931 736 43 607 0 475 61 0 548 725 201 0 708 915 0 647 0 362 182 375 137 886 441 0 956 0 725 340 0 775 334 865 
0 633 881 0 716 0 0 212 639 634 615 0 936 971 278 949 671 0 0 527 0 591 981 102 594 0 721 409 0 861 58 993 351 631 719 0 218 531 0 0 0 342 378 956 0 0 734 892 0 0 0 570 0 232 0 205 819 983 453 388 333 570 63 4 0 372 889 0 444 751 239 194 469 936 904 0 96 814 687 402 0 483 547 375 0 201 301 815 214 612 696 556 198 0 720 488 875 393 0 341 75 814 388 0 294 289 722 0 0 324 967 441 774 0 0 573 0 376 225 624 0 130 129 853 374 0 380 665 450 806 266 749 82 677 0 673 0 319 473 303 
216 0 0 0 0 0 78 323 0 634 59 581 559 463 734 107 616 480 328 659 0 448 241 806 241 760 727 389 218 299 92 22 0 120 393 269 392 807 0 0 348 530 607 0 0 104 0 823 0 0 575 0 0 100 0 128 653 92 265 516 214 726 104 944 837 492 10 976 255 45 848 600 551 0 200 408 0 0 130 794 780 770 643 380 445 636 421 548 532 937 225 923 0 656 941 492 0 33 341 0 986 771 907 581 0 872 451 664 961 679 681 0 0 341 96 0 0 0 570 0 646 160 589 0 0 497 894 217 416 404 0 381 0 0 948 0 0 372 642 262 
491 412 148 165 0 35 405 258 115 202 0 707 799 485 494 13 383 0 372 326 0 588 0 297 0 342 451 0 234 850 810 40 466 867 838 0 995 986 776 298 137 379 499 0 839 0 0 903 0 0 0 238 0 903 285 911 928 232 30 601 239 0 249 19 0 0 931 914 119 0 899 796 989 845 0 959 0 153 80 0 766 507 316 0 0 32 0 772 583 0 544 63 0 913 913 363 106 878 75 986 0 896 127 347 164 492 423 0 0 114 171 231 0 0 302 433 0 475 0 820 892 0 892 0 244 0 74 0 0 654 769 42 837 0 484 0 0 137 997 920 
582 344 988 0 634 87 919 232 0 90 152 0 0 0 85 928 179 0 928 722 300 726 612 288 0 210 850 15 0 693 31 465 457 441 830 893 0 834 472 975 0 356 591 595 204 990 51 0 420 0 248 589 13 336 0 24 53 0 574 383 954 0 0 169 398 664 19 560 733 903 718 0 0 643 632 0 595 205 927 280 0 0 0 351 465 996 405 889 749 0 500 0 0 670 594 743 0 0 814 771 896 0 802 903 369 0 0 116 881 112 460 746 772 282 1 617 386 622 465 444 819 634 601 0 997 0 384 672 85 0 0 138 292 389 0 0 751 0 147 0 
502 535 0 0 0 937 917 393 984 60 38 806 737 423 0 699 22 0 741 683 601 0 840 593 229 190 0 0 900 996 311 334 902 928 901 348 0 353 0 711 113 861 158 23 716 961 865 219 418 368 0 0 581 671 648 816 299 687 410 0 744 827 657 277 0 924 303 613 574 764 737 188 644 441 303 593 0 413 632 810 42 939 962 901 57 832 779 149 0 301 0 0 518 223 891 383 792 0 388 907 127 802 0 0 788 564 646 968 31 783 0 705 45 0 85 499 867 0 931 0 753 0 658 779 635 10 893 0 922 83 0 717 127 354 0 79 272 641 590 717 
0 413 253 475 0 0 743 798 996 47 643 130 429 576 0 308 0 304 252 894 0 975 928 0 839 317 834 150 728 854 0 832 620 50 0 418 226 102 500 133 0 363 517 8 817 825 0 311 588 67 507 854 773 247 0 0 732 751 0 0 362 731 316 0 442 304 704 0 216 90 852 86 30 376 81 0 11 796 0 18 711 0 169 0 0 940 0 0 0 683 0 309 563 389 0 307 729 46 0 581 347 903 0 0 518 635 956 55 0 824 0 0 0 370 762 743 616 695 0 0 505 175 727 243 73 602 673 305 390 535 739 0 99 0 0 0 190 679 299 648 
544 447 611 0 995 871 820 780 199 0 0 0 140 395 737 0 762 361 0 979 394 853 945 459 0 0 24 476 200 0 502 0 40 212 289 189 159 0 0 575 597 0 0 0 822 994 714 341 0 951 194 331 815 57 0 917 288 952 979 0 485 911 766 131 325 298 185 0 57 0 0 415 318 117 291 279 262 147 677 0 270 557 107 675 472 687 0 652 0 707 51 281 61 990 784 419 76 117 294 0 164 369 788 518 0 406 457 0 590 161 258 753 273 259 779 590 943 796 6 933 0 712 607 472 965 0 698 589 0 300 710 27 72 773 850 233 123 728 802 81 
574 697 83 31 976 600 961 0 607 370 0 800 0 535 0 419 878 755 169 0 969 592 995 0 656 308 458 791 250 69 0 205 353 0 583 529 103 827 137 0 774 461 437 676 843 6 326 781 506 51 792 162 190 0 627 916 274 17 0 262 0 662 206 98 0 179 627 154 441 463 784 709 0 0 965 0 487 627 0 203 932 0 355 0 486 624 714 0 384 592 454 268 179 0 912 891 43 0 289 872 492 0 564 635 406 0 106 0 0 82 784 364 831 216 0 2 234 453 843 755 856 0 651 54 0 572 962 0 659 0 252 41 0 822 441 264 274 659 0 509 
469 0 0 181 628 546 472 506 267 63 0 972 0 788 681 288 944 877 0 0 693 356 51 791 246 90 513 186 859 550 219 823 0 124 508 885 242 0 770 712 289 658 844 951 457 608 102 680 499 833 135 510 905 743 0 0 0 882 781 704 694 830 280 0 356 6 209 168 530 51 66 952 334 0 0 505 684 0 0 0 510 0 0 667 438 846 776 772 688 0 19 138 0 246 167 42 920 54 722 451 423 0 646 956 457 106 0 616 850 740 313 542 943 29 0 16 691 32 578 908 437 0 158 911 857 242 649 0 21 712 0 0 929 630 0 777 886 830 129 270 
523 855 875 0 22 110 824 0 642 435 625 673 935 0 823 280 968 955 165 427 0 726 330 500 0 985 287 609 0 676 0 778 239 944 785 363 110 0 873 833 933 482 820 157 132 152 0 95 737 419 157 122 842 0 765 553 281 393 234 0 840 840 316 856 863 0 787 84 52 413 977 0 446 5 170 0 128 0 958 0 759 113 374 199 274 773 0 928 0 928 497 393 23 39 485 947 285 143 0 664 0 116 968 55 0 0 616 0 970 388 0 680 532 0 430 192 374 385 562 552 388 765 372 467 931 0 105 841 753 605 274 900 0 214 0 791 529 787 0 235 
207 711 623 824 679 229 0 0 476 978 348 0 312 67 0 389 59 797 965 0 0 0 485 812 347 11 0 156 173 928 719 680 0 337 704 0 888 798 562 754 643 274 648 618 922 83 0 109 262 444 544 274 804 88 240 0 77 200 615 0 506 24 136 313 728 21 0 947 0 83 410 564 0 170 624 966 0 48 172 46 671 761 211 0 232 949 0 0 475 333 0 958 0 480 0 930 8 931 0 961 0 881 31 0 590 0 850 970 0 0 0 659 50 24 199 0 743 784 653 478 802 898 0 942 398 0 0 69 101 894 684 865 779 469 185 325 41 931 533 463 
940 466 785 164 242 752 284 605 192 106 809 705 59 249 0 416 829 938 223 436 657 474 553 565 852 0 767 429 0 458 901 856 376 7 954 167 347 886 689 559 900 286 993 262 223 699 379 331 398 917 80 409 0 632 662 247 0 830 862 0 259 487 940 684 488 216 126 314 148 0 0 283 167 971 0 681 175 121 992 325 531 980 149 428 313 58 471 896 35 841 520 413 798 845 940 864 427 736 324 679 114 112 783 824 161 82 740 388 0 0 611 237 112 251 923 0 159 36 0 0 265 0 166 97 0 223 887 449 461 801 0 237 0 19 839 437 351 287 50 307 
273 756 755 0 822 268 987 395 791 587 703 914 250 0 589 704 0 0 364 0 770 913 0 644 31 241 653 752 395 0 821 376 658 682 246 232 770 611 151 942 416 544 0 0 494 107 320 533 790 0 835 419 0 880 0 0 920 0 0 323 504 164 620 528 0 255 844 417 0 499 357 780 117 263 0 839 144 760 118 0 0 414 300 0 625 611 406 0 466 56 407 0 211 205 0 33 485 43 967 681 171 460 0 0 258 784 313 0 0 611 0 223 792 0 7 926 656 11 680 468 612 705 48 99 0 114 194 340 0 0 986 652 794 822 336 0 60 570 57 0 
707 759 0 278 0 132 0 0 0 683 432 690 394 523 0 124 720 812 0 0 453 479 154 436 312 914 496 0 625 237 377 0 427 0 990 571 786 713 0 690 400 542 0 169 825 637 0 237 326 0 851 200 750 776 892 0 174 0 846 886 747 371 80 0 69 0 0 0 130 493 29 0 762 374 563 925 0 767 0 936 413 770 617 0 673 92 18 146 426 162 829 908 0 288 412 776 889 607 441 0 231 746 705 0 753 364 542 680 659 237 223 0 0 0 184 261 0 332 0 170 0 475 551 104 630 0 830 0 0 227 949 0 0 517 0 850 799 130 54 554 
886 376 961 478 739 498 0 473 108 169 521 0 0 974 501 271 412 0 873 66 189 0 266 561 207 0 197 647 0 0 61 18 0 758 284 0 937 423 333 520 735 0 0 898 709 186 428 816 807 459 270 986 0 906 0 0 4 20 986 0 864 339 736 371 0 576 920 786 0 885 741 607 0 0 0 893 155 0 274 92 808 0 25 576 0 861 0 562 765 108 0 874 277 0 761 0 760 0 774 0 0 772 45 0 273 831 943 532 50 112 792 0 0 306 41 777 208 790 377 518 0 848 146 56 405 181 766 806 221 566 691 642 594 0 238 372 750 743 0 308 
0 384 132 766 590 0 0 743 623 131 715 102 37 733 234 0 0 418 0 979 0 0 0 455 0 0 390 0 0 376 376 970 0 123 283 805 820 816 0 0 190 0 451 781 824 0 660 397 194 0 893 0 510 600 963 0 634 618 361 584 0 0 412 874 3 395 474 354 34 94 917 649 225 944 671 495 659 58 706 0 0 40 673 890 282 606 295 303 0 621 0 0 0 0 662 93 693 475 0 341 0 282 0 370 259 216 29 0 24 251 0 0 306 0 861 63 180 595 736 123 0 744 181 754 762 302 0 0 474 335 925 249 443 961 304 0 0 332 897 0 
0 0 913 46 441 307 0 428 0 21 695 0 249 200 424 852 378 0 956 0 432 356 275 829 945 0 0 716 454 159 839 106 0 34 552 80 39 0 0 0 427 464 0 0 0 0 265 359 643 482 501 259 52 834 47 250 912 897 249 0 598 487 915 655 60 326 0 319 229 608 0 539 0 966 348 340 959 597 411 237 695 0 400 384 22 50 972 0 800 502 623 21 289 306 477 657 0 61 0 96 302 1 85 762 779 0 0 430 199 923 7 184 41 861 0 339 201 282 610 306 711 109 0 570 116 0 862 297 902 197 0 478 1 454 697 750 0 156 408 720 
0 254 461 608 0 412 220 909 179 979 924 274 0 545 135 809 21 590 990 195 52 448 925 0 647 36 0 728 0 243 90 326 291 0 294 210 242 314 382 349 237 985 848 494 0 976 879 0 129 0 1 253 656 0 0 421 67 0 131 392 235 446 820 0 613 107 922 476 85 0 0 828 737 437 0 95 222 936 303 254 857 361 69 298 850 570 0 100 156 330 333 262 327 70 359 745 331 0 573 0 433 617 499 743 590 2 16 192 0 0 926 261 777 63 339 0 0 3 156 91 492 948 928 758 237 459 761 57 214 311 867 312 322 551 399 862 149 869 625 0 
325 37 815 371 789 0 562 696 693 0 946 0 793 269 929 155 134 0 0 195 0 516 0 0 535 34 676 405 0 647 325 0 552 302 0 368 851 499 0 567 115 240 574 203 70 123 16 0 258 0 591 183 32 865 507 0 395 642 0 555 200 945 539 0 482 202 105 481 367 374 415 399 0 0 795 481 0 134 48 0 494 500 160 629 146 180 753 483 360 0 901 526 281 700 904 793 555 548 0 0 0 386 867 616 943 234 691 374 743 159 656 0 208 180 201 0 0 0 0 0 249 367 281 572 349 716 538 0 133 534 816 0 0 783 0 0 710 44 0 826 
399 279 201 0 618 0 441 0 999 121 352 263 985 31 868 731 968 186 0 156 176 666 0 44 703 818 0 432 0 0 0 822 0 371 836 389 0 0 0 630 781 882 58 633 652 595 0 124 23 0 294 383 334 243 691 166 345 350 466 102 845 160 71 227 655 772 908 394 427 302 0 0 389 40 189 0 817 689 0 0 978 0 674 637 29 486 165 0 102 0 901 725 801 425 599 441 0 725 376 0 475 622 0 695 796 453 32 385 784 36 11 332 790 595 282 3 0 0 317 88 802 623 350 514 859 467 782 448 0 642 0 66 420 811 0 670 737 381 731 972 
100 807 572 200 486 959 133 770 967 0 217 861 181 0 0 161 0 924 653 207 330 0 919 746 792 192 869 877 0 895 184 323 414 0 0 0 14 0 140 0 225 369 422 863 919 0 974 156 0 0 62 505 442 394 373 0 547 246 356 706 0 985 952 0 562 822 543 0 47 585 931 102 0 441 607 602 659 852 539 969 458 0 0 341 0 0 0 606 66 831 816 593 0 403 0 710 105 201 225 570 0 465 931 0 6 843 578 562 653 0 680 0 377 736 610 156 0 317 0 480 253 28 685 632 0 76 0 753 674 745 923 263 0 0 602 7 471 674 795 0 
819 145 124 866 347 211 678 0 154 816 0 279 184 141 742 405 167 0 351 42 0 592 687 946 112 0 296 867 50 0 0 614 41 0 570 310 0 0 294 696 0 0 623 472 644 0 426 768 133 0 462 764 0 450 774 514 656 794 534 0 200 348 0 644 730 740 172 0 549 795 0 485 793 87 846 791 0 0 0 968 928 63 795 0 0 102 0 0 465 116 559 285 0 131 585 975 637 0 624 0 820 444 0 0 933 755 908 552 478 0 468 170 518 123 306 91 0 88 480 0 171 678 702 801 0 334 597 324 10 0 0 0 919 589 208 0 726 0 725 600 
578 353 688 808 0 579 0 463 348 403 662 882 416 556 747 0 53 66 557 701 0 333 599 788 808 941 108 293 890 231 874 0 197 469 496 454 0 234 341 19 183 0 814 0 0 0 335 863 0 29 537 653 329 409 0 0 86 0 271 145 0 762 946 153 178 382 858 827 101 166 156 678 880 837 0 967 0 138 252 228 409 666 323 735 0 847 10 0 0 72 0 740 125 876 0 517 0 708 0 646 892 819 753 505 0 856 437 388 802 265 612 0 0 0 711 492 249 802 253 171 0 0 925 563 89 516 0 704 101 116 354 623 413 991 0 0 582 0 798 388 
0 217 242 329 309 0 597 967 94 0 680 0 0 760 514 95 34 0 425 90 0 741 977 792 826 0 19 0 993 104 982 55 536 755 136 577 370 0 957 835 843 917 588 535 784 548 384 191 682 618 0 492 9 683 0 488 0 556 636 989 962 0 245 743 41 0 0 0 295 69 0 812 802 0 681 145 271 870 440 838 919 0 57 864 0 0 532 735 737 224 0 256 675 384 0 586 799 915 130 160 0 634 0 175 712 0 0 765 898 0 705 475 848 744 109 948 367 623 28 678 0 0 613 917 731 0 11 55 0 627 0 168 624 0 567 975 927 888 606 0 
340 0 768 939 146 874 945 331 430 752 114 296 485 239 188 915 133 0 665 942 109 282 164 62 732 902 0 0 568 66 20 556 223 0 79 618 583 695 425 491 270 0 348 0 710 0 964 75 190 0 797 143 0 282 452 973 494 380 68 859 492 749 365 517 0 782 552 0 770 278 893 82 432 0 291 640 496 854 785 913 863 0 0 0 758 423 772 112 3 0 38 916 703 891 344 791 0 0 129 589 892 601 658 727 607 651 158 372 0 166 48 551 146 181 0 928 281 350 685 702 925 613 0 136 460 376 426 0 235 360 430 0 0 321 0 659 0 402 528 49 
827 0 883 271 437 383 0 941 0 0 0 930 0 19 724 0 381 891 996 862 556 0 208 116 562 805 0 10 519 192 358 936 0 53 0 429 277 247 0 284 418 76 0 495 378 43 632 777 0 132 73 58 653 411 0 637 692 936 173 0 247 0 890 0 817 505 869 0 847 625 969 0 944 768 95 0 334 0 845 0 754 0 0 0 851 918 748 824 0 0 0 455 785 735 224 754 108 647 853 0 0 0 779 243 472 54 911 467 942 97 99 104 56 754 570 758 572 514 632 801 563 917 136 0 0 0 283 758 892 983 2 891 0 283 733 285 160 591 189 0 
0 539 580 414 0 754 163 378 128 872 427 311 680 344 371 363 50 419 317 519 129 0 250 683 868 65 33 0 870 0 339 0 894 425 557 650 250 917 0 585 752 414 807 614 975 885 151 231 476 668 688 27 714 487 615 307 217 517 799 0 0 475 562 964 541 0 700 422 692 441 757 0 279 504 153 794 845 0 0 189 494 868 314 918 0 34 0 508 0 0 865 757 631 0 912 0 0 0 374 0 244 997 635 73 965 0 857 931 398 0 0 630 405 762 116 237 349 859 0 0 89 731 460 0 0 150 0 412 0 923 0 491 956 578 0 725 849 788 0 0 
639 983 0 976 0 0 368 0 379 0 236 0 468 348 47 4 519 801 236 38 651 124 43 0 242 404 0 962 909 533 0 326 0 326 0 935 8 0 990 812 859 577 266 743 805 0 621 0 0 576 409 764 4 341 0 0 81 27 421 172 0 458 675 0 945 0 625 762 0 665 522 221 942 0 0 0 940 0 667 96 0 82 985 843 128 446 936 800 54 0 0 19 910 272 335 0 567 362 0 497 0 0 10 602 0 572 242 0 0 223 114 0 181 302 0 459 716 467 76 334 516 0 376 0 150 0 648 691 0 420 57 257 377 119 0 0 958 740 648 268 
91 41 0 0 937 561 0 989 669 523 0 0 25 653 863 337 460 16 451 777 0 670 710 199 733 185 875 0 869 618 43 210 0 600 371 0 890 0 764 0 520 905 0 0 619 891 0 918 433 509 448 663 338 427 307 901 533 406 0 829 383 580 0 704 0 467 112 0 157 943 771 92 403 0 161 0 538 974 288 665 0 3 0 0 221 0 0 675 0 12 0 0 712 33 0 169 588 182 380 894 74 384 893 673 698 962 649 105 0 887 194 830 766 0 862 761 538 782 0 597 0 11 426 283 0 648 0 88 574 0 0 0 10 410 955 781 877 158 370 204 
994 721 20 597 220 670 599 43 179 89 965 803 0 379 929 0 0 0 960 117 331 269 28 0 0 0 0 0 593 763 449 324 300 623 35 61 863 281 0 0 676 529 0 417 7 0 111 0 536 751 940 0 503 0 951 436 90 154 64 0 99 916 265 526 0 540 0 0 702 0 0 0 899 859 0 0 150 40 235 335 564 342 463 168 529 0 0 684 223 661 608 649 633 91 984 260 0 375 665 217 0 672 0 305 589 0 0 841 69 449 340 0 806 0 297 57 0 448 753 324 704 55 0 758 412 691 88 0 415 0 0 946 112 632 0 0 286 198 239 860 
643 578 683 565 694 994 207 0 203 0 765 0 568 276 0 989 530 0 247 0 0 0 0 417 251 907 0 924 0 675 415 0 694 66 0 780 118 811 512 953 192 215 878 990 0 105 932 11 665 459 712 255 0 521 69 0 795 957 543 531 121 663 321 536 584 0 402 344 0 120 436 362 0 447 307 0 602 763 993 582 0 919 242 267 178 665 808 289 450 0 480 768 26 397 272 512 325 137 450 416 0 85 922 390 0 659 21 753 101 461 0 0 221 474 902 214 133 0 674 10 101 0 235 892 0 0 574 415 0 94 0 551 396 566 435 553 0 595 508 0 
175 240 0 417 735 739 705 467 530 399 531 936 0 748 0 374 607 749 392 898 779 403 852 762 13 728 584 637 299 359 501 498 677 297 0 619 794 649 0 185 0 536 0 117 0 103 442 311 375 663 551 71 0 0 0 389 121 0 113 576 103 906 0 732 526 51 414 172 208 186 634 850 0 0 924 607 654 618 525 0 433 808 799 0 826 940 48 62 527 240 489 198 596 0 183 518 209 886 806 404 654 0 83 535 300 0 712 605 894 801 0 227 566 335 197 311 534 642 745 0 116 627 360 983 923 420 0 0 94 0 0 324 407 588 0 914 490 703 897 898 
56 268 264 771 615 0 458 213 0 168 7 467 0 0 447 5 785 595 206 87 254 0 479 291 992 624 0 255 672 0 648 333 735 0 799 277 53 0 837 0 52 54 664 348 461 0 379 0 661 691 929 621 0 908 0 198 0 867 575 568 235 0 204 0 0 0 0 88 976 768 479 929 949 725 807 578 744 106 583 327 77 635 0 519 725 207 264 0 0 50 467 0 567 992 0 238 0 441 266 0 769 0 0 739 710 252 0 274 684 0 986 949 691 925 0 867 816 0 923 0 354 0 430 2 0 57 0 0 0 0 0 0 0 639 97 316 0 0 588 0 
356 609 352 0 956 268 0 0 688 812 76 0 711 194 717 383 71 705 170 347 57 0 885 321 154 0 381 65 28 577 977 0 0 195 470 0 80 109 366 224 56 0 342 920 732 0 602 896 232 872 240 0 235 658 370 884 0 933 55 337 548 0 549 0 883 0 282 0 371 651 124 281 736 272 141 277 0 323 647 883 619 724 0 147 270 0 511 0 80 243 0 144 0 0 603 264 877 0 749 381 42 138 717 0 27 41 0 900 865 237 652 0 642 249 478 312 0 66 263 0 623 168 0 891 491 257 0 946 551 324 0 0 0 0 149 0 29 651 796 155 
207 119 246 953 149 222 0 142 417 306 0 0 135 274 980 0 273 0 251 25 0 443 694 406 275 757 412 704 4 763 443 696 194 715 8 0 577 0 921 480 0 366 549 18 918 196 0 731 0 856 167 258 731 548 884 0 731 862 566 542 254 0 603 0 785 0 39 406 0 0 188 0 80 587 493 241 13 29 766 601 661 802 656 0 83 0 190 954 777 0 994 41 200 848 638 0 420 956 82 0 837 292 127 99 72 0 929 0 779 0 794 0 594 443 1 322 0 420 0 919 413 624 0 0 956 377 10 112 396 407 0 0 0 312 0 369 455 270 226 966 
692 634 762 60 20 93 88 895 0 0 73 82 154 0 323 491 152 753 118 0 0 0 163 66 184 0 788 825 950 823 166 591 635 0 976 5 0 324 114 150 437 0 0 736 0 0 0 747 828 788 762 126 267 294 0 781 43 0 766 995 0 70 764 588 280 0 208 344 920 897 922 341 90 121 247 0 566 94 114 248 129 881 0 631 884 858 41 912 75 748 367 0 539 41 268 682 0 0 677 0 0 389 354 0 773 822 630 214 469 19 822 517 0 961 454 551 783 811 0 589 991 0 321 283 578 119 410 632 566 588 639 0 312 0 840 0 781 0 961 0 
455 0 242 464 16 223 837 628 0 0 554 960 189 0 0 705 949 220 970 779 444 217 454 957 898 0 247 0 57 0 0 60 0 902 0 173 797 580 0 549 228 428 0 706 423 0 873 911 145 690 0 512 228 154 352 0 505 872 508 423 324 801 740 0 417 0 775 874 756 0 0 818 911 645 479 0 264 484 983 639 0 624 277 290 350 612 151 879 0 0 0 343 22 908 631 402 284 725 0 948 484 0 0 0 850 441 0 0 185 839 336 0 238 304 697 399 0 0 602 208 0 567 0 733 0 0 955 0 435 0 97 149 0 840 0 0 0 0 332 0 
723 0 341 0 0 7 57 0 190 612 277 264 349 0 201 954 438 261 0 0 909 0 910 88 780 121 375 607 6 806 0 0 792 0 378 583 222 0 0 667 848 996 0 55 675 751 332 201 0 180 823 762 0 580 470 488 794 0 888 0 850 631 0 258 732 115 243 780 827 319 975 876 166 313 886 687 327 0 750 390 699 90 586 611 11 515 231 0 327 524 41 613 672 0 886 0 516 340 673 0 0 0 79 0 233 264 777 791 325 437 0 850 372 0 750 862 0 670 7 0 0 975 659 285 725 0 781 0 553 914 316 0 369 0 0 0 52 792 0 941 
0 0 642 0 0 690 0 540 44 288 373 0 973 464 703 494 67 461 526 0 919 992 0 720 142 745 562 853 318 451 695 841 472 374 922 289 546 543 961 0 573 698 0 0 660 748 0 808 53 0 922 32 832 504 620 316 307 926 328 598 0 237 187 0 0 0 382 0 675 61 959 505 982 31 496 0 221 906 602 962 993 85 997 0 426 322 591 0 587 644 705 169 0 115 311 302 896 0 0 0 0 751 272 190 123 274 886 529 41 351 60 799 750 0 0 149 710 737 471 726 582 927 0 160 849 958 877 286 0 490 0 29 455 781 0 52 0 401 499 0 
748 0 0 0 333 726 0 43 0 126 139 961 208 42 0 656 354 960 831 0 729 763 251 124 122 0 702 0 981 347 0 440 401 667 6 199 587 157 0 412 0 0 0 960 415 83 76 704 811 76 0 2 0 746 0 181 794 836 422 0 0 508 48 440 7 116 522 196 848 959 476 0 965 254 323 0 530 291 443 401 519 815 443 837 504 493 313 0 504 0 741 0 355 5 0 545 806 775 319 372 137 0 641 679 728 659 830 787 931 287 570 130 743 332 156 869 44 381 674 0 0 888 402 591 788 740 158 198 595 703 0 651 270 0 0 792 401 0 184 343 
261 0 614 0 763 0 832 0 496 576 747 104 0 245 173 0 960 822 0 620 700 596 0 975 735 0 760 0 143 97 0 813 679 50 0 0 0 0 914 483 585 239 0 529 277 747 0 541 0 0 0 889 888 529 26 906 0 0 444 108 777 0 45 851 0 238 426 476 266 0 0 642 702 926 816 954 687 118 0 780 786 689 0 361 809 887 0 657 536 480 610 206 0 764 697 121 0 334 473 642 997 147 590 299 802 0 129 0 533 50 57 54 0 897 408 625 0 731 795 725 798 606 528 189 0 648 370 239 508 897 588 796 226 961 332 0 499 184 0 0 
606 848 494 242 273 752 0 283 895 481 559 869 620 622 0 519 0 934 826 717 334 850 0 179 12 795 0 759 925 108 232 549 0 548 772 14 241 400 0 0 560 679 54 905 710 914 817 316 789 89 0 496 0 305 304 694 201 548 466 225 744 277 646 586 141 0 505 0 831 0 917 448 46 301 0 0 3 54 0 0 207 908 1 710 246 0 746 0 437 985 888 593 966 0 59 847 0 865 303 262 920 0 717 648 81 509 270 235 463 307 0 554 308 0 720 0 826 972 0 600 388 0 49 0 0 268 204 860 0 898 0 155 966 0 0 941 0 343 0 0 
