0 986 276 772 0 172 0 914 0 0 859 0 0 239 123 597 0 23 0 848 171 915 873 647 0 699 466 770 652 606 396 0 0 780 413 0 63 751 0 0 226 0 579 216 0 0 387 762 696 0 400 385 0 976 0 154 722 844 152 471 0 466 223 513 173 307 771 817 926 25 895 882 0 827 217 622 796 690 281 471 927 0 962 125 0 18 307 843 595 825 691 706 144 0 874 0 0 952 119 615 258 0 725 515 186 339 0 519 532 538 112 59 503 625 727 0 489 585 0 166 115 0 152 0 245 609 808 207 0 872 309 659 33 284 0 0 0 225 0 531 274 472 597 0 397 99 730 
986 0 429 791 0 674 396 22 146 0 0 563 0 0 831 374 318 384 166 321 748 649 43 0 0 0 860 0 0 337 638 979 333 0 269 0 129 4 0 930 25 396 190 429 711 666 690 0 0 0 0 0 472 831 410 0 251 564 720 151 817 421 382 712 0 116 759 243 365 124 813 512 751 318 119 316 919 520 1 611 222 34 808 0 324 538 888 109 283 863 285 258 346 138 0 213 213 0 617 818 0 0 503 566 0 0 0 0 183 34 913 0 842 400 49 0 875 944 793 156 797 810 366 0 0 0 0 861 721 497 439 0 695 131 0 117 82 314 762 0 746 0 990 742 481 127 0 
276 429 0 7 837 199 786 821 410 269 887 76 863 839 176 601 389 614 0 829 106 722 219 586 296 0 631 497 0 357 0 384 180 676 594 237 726 0 384 0 0 997 500 718 98 20 0 87 999 158 397 412 259 0 238 310 0 417 463 786 774 0 744 265 245 700 54 680 217 575 286 194 380 252 0 564 103 0 765 792 375 0 632 647 0 287 0 624 3 678 0 953 266 227 472 478 475 18 0 0 711 150 404 528 741 658 318 0 0 532 784 75 66 362 236 0 480 0 0 936 530 50 661 113 907 388 259 582 0 949 434 132 668 0 991 871 919 513 0 381 986 502 0 63 321 308 0 
772 791 7 0 301 465 262 903 273 0 0 481 0 719 0 591 310 988 948 124 362 888 226 495 982 0 537 340 624 384 189 0 513 0 0 919 0 490 0 761 320 419 862 0 800 0 288 103 570 0 23 0 905 0 126 453 909 0 0 668 371 0 0 987 437 573 0 678 148 328 578 287 4 819 185 0 91 0 0 152 0 392 0 694 515 111 187 1 0 319 0 486 611 0 81 371 378 0 914 0 69 255 748 0 967 390 556 943 574 777 164 111 721 686 0 274 793 39 0 596 0 49 230 597 0 0 918 0 0 794 789 451 596 310 405 159 190 795 661 562 621 862 305 0 887 0 587 
0 0 837 301 0 130 0 109 946 0 0 83 53 0 0 441 0 0 0 739 54 925 300 978 389 0 832 131 698 675 71 0 842 424 233 0 364 171 851 916 779 336 0 101 0 294 992 0 763 410 488 642 0 444 776 29 25 98 274 737 819 0 621 0 0 484 593 0 452 402 580 129 0 829 412 717 512 0 479 0 295 0 553 0 452 0 776 0 34 655 774 314 738 0 614 0 86 0 870 556 0 421 0 355 0 553 439 0 0 729 972 362 753 40 463 32 0 648 0 256 0 0 871 301 204 0 513 949 306 53 424 335 518 0 861 0 0 851 931 0 0 0 836 287 820 234 0 
172 674 199 465 130 0 0 0 855 556 478 999 892 266 188 308 726 868 675 599 136 0 0 63 311 368 0 616 985 620 407 400 0 720 0 811 5 79 574 456 239 232 672 804 397 779 787 579 762 74 678 182 742 0 129 153 718 74 737 543 228 430 808 0 655 658 667 823 493 371 578 314 957 543 130 0 0 363 0 0 0 0 963 712 718 366 912 880 355 0 196 260 728 709 991 417 224 644 0 0 341 0 356 318 0 791 0 625 423 0 95 612 0 863 632 542 667 422 906 655 435 359 837 613 196 40 342 235 0 0 0 914 370 0 286 513 380 622 996 553 487 166 196 683 741 602 229 
0 396 786 262 0 0 0 711 353 611 948 0 425 0 0 573 87 598 0 180 30 0 758 0 242 147 73 901 580 0 392 0 951 937 639 0 172 124 365 742 366 4 935 903 0 991 86 883 947 0 0 660 409 0 349 134 0 749 673 0 0 0 716 773 56 130 0 689 837 0 419 131 424 531 193 515 408 395 0 306 610 135 184 228 656 0 0 936 105 760 0 695 293 242 0 0 0 922 606 290 0 996 603 748 0 788 423 340 0 705 0 0 968 612 151 487 200 910 752 558 324 386 172 0 77 944 183 673 781 0 656 479 68 0 717 942 0 778 0 147 887 0 738 743 0 0 309 
914 22 821 903 109 0 711 0 848 0 88 332 377 0 470 770 0 288 843 49 0 748 616 523 907 0 966 635 242 999 346 358 0 143 105 884 0 900 974 97 0 207 0 859 87 658 0 250 0 0 324 324 0 0 754 780 559 238 0 49 78 672 850 631 601 0 580 0 0 147 0 641 401 323 63 312 608 0 202 216 0 621 184 0 0 0 30 0 327 798 501 989 616 243 881 248 543 771 988 81 309 639 530 119 601 0 0 511 704 754 272 507 418 0 395 587 999 529 0 45 404 889 176 965 542 689 920 0 10 150 0 360 657 758 170 0 3 206 0 872 255 297 288 637 636 614 0 
0 146 410 273 946 855 353 848 0 703 344 749 0 546 0 241 178 819 680 515 0 215 0 74 803 349 11 941 754 878 0 643 0 0 0 485 341 763 0 167 541 0 613 542 746 0 689 0 783 65 0 0 778 627 0 22 285 193 933 148 519 253 496 223 355 98 202 642 0 564 188 0 485 0 747 384 279 823 0 555 136 523 574 0 283 0 120 878 923 417 652 750 146 30 219 0 0 0 488 646 3 0 1 0 425 462 971 320 311 0 0 723 384 95 245 0 0 867 139 126 50 976 768 0 801 0 0 47 806 0 439 361 0 0 333 565 991 335 38 0 0 961 136 114 844 732 220 
0 0 269 0 0 556 611 0 703 0 548 337 389 0 749 0 56 735 379 303 0 0 646 168 393 98 550 284 0 73 85 241 454 208 7 969 597 913 0 222 0 937 826 100 0 91 571 662 954 0 483 15 0 691 707 159 525 0 0 642 627 0 592 773 0 926 708 662 899 38 0 0 890 311 220 389 0 832 612 7 26 274 327 0 300 718 0 0 525 907 0 708 131 179 121 558 463 456 97 497 31 610 324 0 618 0 0 751 0 0 0 807 464 0 538 71 24 0 963 643 0 634 0 74 857 599 827 619 0 0 985 0 737 376 0 0 309 770 856 264 197 0 0 777 659 862 705 
859 0 887 0 0 478 948 88 344 548 0 965 496 158 910 0 71 728 377 663 452 212 350 681 0 773 0 336 0 175 635 373 0 40 0 0 857 0 678 286 0 734 553 834 408 123 754 979 593 975 0 0 182 896 275 250 669 11 945 438 792 918 841 147 915 81 16 922 0 736 522 0 159 441 0 439 907 378 141 47 0 569 367 771 119 675 0 866 0 909 184 0 484 325 593 872 212 227 0 623 607 840 783 952 231 14 0 10 0 0 585 376 811 45 841 446 0 0 822 505 680 0 949 0 0 140 950 632 0 0 878 840 0 163 0 13 628 0 633 0 569 250 734 374 390 888 754 
0 563 76 481 83 999 0 332 749 337 965 0 997 450 545 389 641 0 197 0 865 0 734 965 188 878 244 539 669 892 677 203 884 19 630 294 688 0 87 283 690 636 946 0 867 833 492 0 532 0 260 445 990 844 569 0 586 287 76 247 414 597 719 720 320 979 446 411 448 402 872 677 981 279 813 816 950 903 455 575 0 0 258 451 386 930 820 485 0 0 14 923 38 1 449 385 582 65 616 911 762 697 147 899 0 742 166 0 604 188 0 0 345 946 0 125 238 0 0 0 159 937 599 124 873 841 0 0 501 817 740 53 0 708 126 121 606 215 606 0 0 408 447 0 0 329 946 
0 0 863 0 53 892 425 377 0 389 496 997 0 0 832 144 157 41 125 416 550 732 745 178 834 0 35 354 698 939 223 347 0 0 0 456 854 0 985 977 0 364 420 680 375 0 922 957 0 255 527 919 0 18 922 0 673 296 301 670 0 849 913 169 0 585 102 363 0 0 758 395 404 949 910 0 391 357 0 16 0 0 0 648 388 705 0 302 0 50 0 0 527 543 15 716 143 638 11 504 68 662 804 0 919 592 135 831 669 331 715 640 0 0 710 0 650 899 910 0 103 104 0 763 961 510 901 224 929 539 0 594 0 837 723 972 195 0 947 438 381 663 0 737 971 197 39 
239 0 839 719 0 266 0 0 546 0 158 450 0 0 148 284 788 518 410 0 557 0 887 336 717 882 103 33 184 600 10 949 0 227 803 0 471 489 995 0 354 548 0 364 868 627 990 24 0 796 235 930 0 694 0 720 0 203 982 0 996 367 284 0 980 398 680 774 516 220 868 0 225 296 0 238 943 560 74 95 569 259 219 249 359 0 809 607 0 0 0 984 96 400 16 552 197 400 0 0 595 120 162 98 0 0 325 0 302 205 829 559 0 754 0 0 549 264 0 244 749 299 68 0 818 391 59 883 26 439 587 112 724 545 515 780 494 0 579 382 66 381 547 0 832 0 253 
123 831 176 0 0 188 0 470 0 749 910 545 832 148 0 0 620 695 736 299 925 876 274 707 455 728 595 448 468 0 265 588 0 451 13 0 590 0 323 277 304 267 729 678 555 620 860 0 0 69 20 0 0 143 674 0 201 988 0 808 499 234 139 0 499 213 0 75 630 51 0 476 10 158 47 0 0 376 917 634 49 821 0 127 0 858 395 38 0 410 238 49 0 870 362 644 0 331 0 879 462 573 751 751 939 0 377 0 887 604 810 525 658 968 663 377 0 207 184 797 327 0 850 91 214 201 1 738 18 10 0 426 180 0 469 0 0 314 828 20 945 0 626 0 0 110 0 
597 374 601 591 441 308 573 770 241 0 0 389 144 284 0 0 732 980 0 365 711 282 0 932 585 331 454 0 165 169 729 0 44 365 758 0 235 396 0 104 0 344 103 75 365 714 660 497 0 904 296 40 210 0 0 0 594 488 809 228 405 0 0 724 0 0 0 449 0 916 0 349 453 227 300 487 296 663 494 856 0 0 297 273 765 787 0 772 936 876 84 678 417 868 688 271 677 340 0 362 124 573 151 844 70 0 660 0 0 658 62 0 377 143 0 517 728 345 418 517 49 0 938 0 54 257 889 0 997 345 0 881 99 261 10 284 73 851 430 0 0 342 903 0 29 82 603 
0 318 389 310 0 726 87 0 178 56 71 641 157 788 620 732 0 0 0 0 483 0 950 989 277 0 0 473 862 444 367 350 8 0 63 0 335 349 456 98 886 74 0 809 509 624 86 167 309 119 510 0 0 0 0 136 0 571 261 59 598 662 0 0 0 0 372 730 315 716 971 179 0 0 868 0 19 86 285 387 829 727 479 806 229 562 613 246 683 98 308 0 484 0 58 0 53 297 612 443 591 307 0 725 857 995 416 0 194 147 209 442 110 248 0 872 372 137 25 234 351 0 243 315 39 910 132 345 769 656 0 808 0 91 299 0 746 472 0 473 134 505 974 0 0 0 856 
23 384 614 988 0 868 598 288 819 735 728 0 41 518 695 980 0 0 690 281 247 161 27 912 702 0 299 0 872 522 227 770 209 0 126 447 435 625 944 488 879 225 0 41 0 368 498 148 0 680 159 298 0 0 617 714 348 732 0 152 869 784 0 0 462 186 134 0 0 675 388 0 0 422 909 72 407 19 986 0 0 227 711 0 816 0 969 76 981 852 754 45 351 470 881 983 0 596 870 463 0 677 794 0 342 440 629 0 815 0 806 0 0 624 766 0 824 567 0 0 354 254 343 0 933 27 726 443 934 0 256 735 638 560 871 5 969 381 950 87 60 734 240 576 571 551 720 
0 166 0 948 0 675 0 843 680 379 377 197 125 410 736 0 0 690 0 462 621 0 301 103 512 77 794 595 883 748 705 21 0 716 21 888 575 0 449 896 688 285 334 890 0 0 742 173 0 857 888 913 892 359 40 54 954 220 960 965 951 456 0 651 979 719 950 662 286 886 176 155 576 0 0 818 580 0 770 0 0 0 0 485 875 480 916 981 644 758 0 0 76 711 887 808 108 181 406 360 966 551 579 459 187 389 762 582 527 171 0 110 342 931 820 82 0 0 170 0 515 0 970 0 18 548 0 0 611 248 523 988 973 29 0 0 199 619 459 629 577 508 48 372 748 0 0 
848 321 829 124 739 599 180 49 515 303 663 0 416 0 299 365 0 281 462 0 963 760 803 0 659 0 648 0 850 0 109 723 691 205 343 621 0 155 491 306 981 0 0 262 306 413 467 0 963 5 0 191 0 0 0 114 722 829 135 0 594 275 906 0 0 746 20 62 91 972 0 503 0 0 884 145 407 995 438 978 918 292 462 217 305 857 784 853 257 0 376 848 0 741 0 380 0 100 691 290 452 74 813 936 971 885 442 0 0 0 529 0 436 114 0 250 96 0 458 0 59 0 188 955 741 401 201 0 330 752 774 250 36 0 423 480 814 0 0 573 0 662 336 444 0 838 620 
171 748 106 362 54 136 30 0 0 0 452 865 550 557 925 711 483 247 621 963 0 931 36 384 961 792 0 636 976 917 0 352 71 489 353 60 110 480 998 275 970 160 287 0 651 0 296 0 911 348 782 312 788 938 0 340 0 795 569 329 855 634 10 288 745 0 782 586 258 64 0 984 0 835 0 107 0 108 925 0 775 95 0 0 0 0 211 662 118 650 726 0 865 0 545 448 0 197 690 95 0 832 847 191 418 845 576 233 608 861 926 864 494 0 366 0 120 977 325 0 33 120 325 0 645 390 43 585 307 203 651 465 995 615 34 457 581 939 286 498 583 902 181 0 0 49 71 
915 649 722 888 925 0 0 748 215 0 212 0 732 0 876 282 0 161 0 760 931 0 124 0 458 169 0 86 656 611 609 0 13 0 24 307 107 0 292 778 967 0 0 494 0 0 0 841 7 472 180 0 0 316 496 244 0 102 359 88 0 918 941 764 768 0 89 474 165 276 0 248 256 0 723 0 232 0 145 698 0 570 0 403 0 614 257 0 0 378 0 0 0 390 0 358 27 981 144 0 897 829 0 604 0 510 64 776 882 51 879 0 401 980 652 805 518 774 495 0 0 270 0 397 0 328 0 680 0 570 0 20 0 138 813 511 746 743 34 0 596 0 0 192 952 395 547 
873 43 219 226 300 0 758 616 0 646 350 734 745 887 274 0 950 27 301 803 36 124 0 918 331 97 279 0 8 961 38 531 0 896 0 746 102 828 832 479 93 534 497 418 244 596 70 0 381 613 887 498 526 0 0 256 968 182 0 0 191 615 2 0 0 452 20 277 310 235 501 813 985 367 905 584 726 0 13 783 161 0 0 443 735 629 636 700 21 527 0 819 517 515 729 678 0 0 185 319 152 398 927 283 373 0 0 775 756 834 785 163 0 331 0 927 351 673 948 603 140 0 448 930 0 0 0 825 789 163 501 59 0 767 0 0 849 0 0 699 1 56 577 738 453 357 765 
647 0 586 495 978 63 0 523 74 168 681 965 178 336 707 932 989 912 103 0 384 0 918 0 972 236 284 566 777 415 0 0 515 0 0 899 533 0 610 713 588 77 759 0 291 83 99 997 558 312 900 471 849 183 124 526 689 758 420 681 379 757 456 590 60 92 0 586 401 0 0 736 399 640 0 271 81 0 0 0 253 0 974 0 415 0 586 197 611 281 0 0 633 367 18 333 873 699 748 72 163 749 0 677 0 0 947 247 211 822 9 95 655 577 712 418 163 493 823 0 349 0 594 549 0 684 422 747 619 42 0 0 767 315 949 0 0 63 45 913 394 512 854 354 0 994 320 
0 0 296 982 389 311 242 907 803 393 0 188 834 717 455 585 277 702 512 659 961 458 331 972 0 625 864 109 256 305 0 333 0 0 0 995 359 781 0 0 979 0 446 665 537 426 0 0 0 122 575 789 545 371 424 227 0 738 486 0 953 128 451 81 0 961 880 522 102 0 322 0 250 200 0 606 327 99 865 897 816 993 801 0 209 0 0 0 236 84 822 647 894 402 970 445 427 121 0 575 0 201 843 936 746 0 0 0 833 883 618 0 208 190 647 0 149 300 254 86 840 965 694 141 183 40 0 738 0 742 0 0 0 48 978 0 0 380 0 639 232 481 331 694 207 737 92 
699 0 0 0 0 368 147 0 349 98 773 878 0 882 728 331 0 0 77 0 792 169 97 236 625 0 77 501 718 198 764 740 933 261 170 0 0 373 320 932 0 983 962 312 0 558 638 369 710 589 350 998 0 23 983 131 844 324 0 315 270 688 0 713 41 0 674 0 536 0 781 325 804 0 59 762 889 0 733 0 732 904 876 214 0 261 0 678 962 1 0 0 232 180 0 194 0 0 114 543 0 435 416 635 415 253 0 656 180 695 0 620 0 341 414 180 572 839 101 310 141 357 796 0 35 109 328 444 0 0 473 91 779 736 648 0 331 670 236 907 750 0 869 523 804 770 0 
466 860 631 537 832 0 73 966 11 550 0 244 35 103 595 454 0 299 794 648 0 0 279 284 864 77 0 887 533 210 782 283 809 431 990 242 0 0 958 11 833 430 675 0 0 836 741 957 0 18 0 44 0 803 565 935 0 0 504 404 0 624 613 241 479 24 283 592 0 0 889 647 250 687 0 129 0 0 254 502 237 314 25 0 815 0 274 0 212 227 444 73 52 611 506 613 996 10 192 512 929 709 589 0 266 572 318 508 828 222 412 250 550 0 476 292 549 0 0 586 553 0 539 530 0 31 57 237 399 928 951 0 0 197 466 291 199 738 457 891 643 452 487 285 229 0 938 
770 0 497 340 131 616 901 635 941 284 336 539 354 33 448 0 473 0 595 0 636 86 0 566 109 501 887 0 668 412 213 0 649 787 433 384 604 825 0 91 0 546 889 0 640 995 5 543 0 874 740 532 728 0 711 0 539 0 46 0 0 607 53 0 755 786 0 473 0 367 0 63 163 871 0 0 0 120 208 496 639 767 560 813 496 0 774 0 0 42 747 880 996 847 390 929 0 0 89 0 813 541 329 985 556 181 410 4 370 528 0 776 158 0 256 835 515 291 387 215 772 225 814 0 561 0 456 0 376 803 563 327 375 0 0 0 848 0 0 220 297 299 243 0 287 954 0 
652 0 0 624 698 985 580 242 754 0 0 669 698 184 468 165 862 872 883 850 976 656 8 777 256 718 533 668 0 0 588 0 0 0 0 323 284 964 337 62 0 0 0 0 839 591 526 0 968 0 328 0 224 63 534 905 465 0 652 327 874 527 291 273 968 435 0 96 302 492 814 202 0 0 737 94 685 690 271 250 0 7 385 189 17 0 621 4 76 877 329 0 383 0 781 261 4 0 0 0 0 0 684 394 347 296 390 427 0 142 13 305 277 965 433 867 0 0 937 27 0 0 674 830 197 337 0 922 332 528 421 219 244 818 0 723 844 678 499 751 0 0 136 852 0 574 662 
606 337 357 384 675 620 0 999 878 73 175 892 939 600 0 169 444 522 748 0 917 611 961 415 305 198 210 412 0 0 360 643 215 0 768 91 2 775 199 0 542 288 938 893 454 548 537 550 0 110 636 417 465 970 0 0 298 27 670 808 460 0 98 339 0 0 0 564 790 696 918 0 435 507 31 0 852 496 21 82 470 402 0 975 415 397 553 0 737 199 625 331 822 404 0 0 856 710 2 341 113 0 122 100 0 222 0 321 0 205 0 0 11 616 0 236 579 0 113 0 680 404 603 721 973 837 173 644 0 0 0 97 763 223 487 879 155 370 745 654 570 975 0 369 655 0 864 
396 638 0 189 71 407 392 346 0 85 635 677 223 10 265 729 367 227 705 109 0 609 38 0 0 764 782 213 588 360 0 855 872 135 970 487 740 0 156 579 0 388 168 343 472 231 0 97 124 0 0 101 141 253 0 716 256 257 499 637 863 613 0 156 803 713 520 0 871 0 850 0 270 700 0 993 241 847 952 0 914 0 0 987 231 0 642 0 642 557 270 260 518 425 0 841 378 371 641 531 0 832 881 0 0 0 0 0 0 0 0 0 88 484 335 594 540 0 92 65 313 0 43 963 742 0 709 158 0 850 0 0 0 0 621 0 0 229 0 226 899 579 648 0 264 694 0 
0 979 384 0 0 400 0 358 643 241 373 203 347 949 588 0 350 770 21 723 352 0 531 0 333 740 283 0 0 643 855 0 0 0 842 535 828 738 0 0 651 0 0 406 53 825 0 0 0 789 128 573 18 123 789 219 425 962 265 844 614 67 708 645 700 0 0 802 0 591 652 938 326 809 0 306 538 168 615 458 127 849 954 245 919 3 244 445 32 424 798 0 369 551 320 0 780 628 0 5 586 647 0 0 211 530 317 862 0 179 0 830 767 0 686 630 734 918 0 376 729 297 0 619 723 861 912 44 525 144 832 483 0 291 0 837 720 309 359 779 833 810 430 87 775 820 0 
0 333 180 513 842 0 951 0 0 454 0 884 0 0 0 44 8 209 0 691 71 13 0 515 0 933 809 649 0 215 872 0 0 277 782 90 580 0 970 382 784 755 0 863 190 0 0 0 213 0 953 279 83 171 0 962 12 665 264 466 101 65 642 0 0 343 918 0 481 0 0 0 226 978 368 0 634 622 292 376 0 0 581 475 566 0 761 948 90 272 214 32 0 634 396 0 0 895 138 42 503 422 0 848 0 0 684 896 359 79 655 360 0 785 859 767 0 0 0 0 509 933 0 0 0 820 86 165 116 0 792 999 0 0 863 141 554 0 933 71 0 0 789 800 20 871 415 
780 0 676 0 424 720 937 143 0 208 40 19 0 227 451 365 0 0 716 205 489 0 896 0 0 261 431 787 0 0 135 0 277 0 149 0 444 0 88 997 774 383 0 0 272 525 674 760 0 102 849 813 0 0 557 766 520 225 325 0 674 0 384 769 877 603 556 598 0 356 931 0 0 220 685 0 730 271 291 381 0 773 0 940 665 778 385 672 548 0 750 223 974 51 0 696 0 671 658 599 558 0 357 977 695 561 362 0 770 859 617 301 872 868 0 68 283 961 0 0 286 647 947 686 0 898 769 665 719 155 110 277 502 846 329 579 0 0 465 421 496 53 88 0 995 892 788 
413 269 594 0 233 0 639 105 0 7 0 630 0 803 13 758 63 126 21 343 353 24 0 0 0 170 990 433 0 768 970 842 782 149 0 888 465 169 140 225 442 30 265 696 135 893 884 248 987 0 0 568 153 804 507 395 0 457 974 432 976 0 0 0 0 0 0 27 880 19 554 359 295 436 751 214 0 534 0 195 43 539 442 75 293 496 0 235 0 99 0 892 135 0 169 807 23 0 0 544 0 0 529 599 647 721 548 637 791 173 610 676 611 534 0 256 746 82 0 490 0 306 579 966 338 0 0 135 0 0 624 475 0 836 569 837 0 969 0 491 0 0 873 785 0 382 587 
0 0 237 919 0 811 0 884 485 969 0 294 456 0 0 0 0 447 888 621 60 307 746 899 995 0 242 384 323 91 487 535 90 0 888 0 192 42 563 346 924 749 999 0 0 135 340 0 821 464 886 824 0 604 547 101 735 0 991 654 0 0 0 384 231 957 150 627 851 608 0 724 435 941 40 94 0 0 911 517 0 384 96 13 40 264 487 236 95 0 677 0 383 974 751 466 636 767 657 229 0 678 935 42 309 25 0 0 736 0 947 93 541 954 829 657 639 729 0 0 568 815 820 745 889 0 0 303 483 108 0 33 507 0 314 516 729 855 0 281 161 0 507 729 880 544 772 
63 129 726 0 364 5 172 0 341 597 857 688 854 471 590 235 335 435 575 0 110 107 102 533 359 0 0 604 284 2 740 828 580 444 465 192 0 0 579 0 283 87 194 0 0 963 942 0 804 870 282 0 322 939 240 0 873 446 0 400 0 866 657 199 0 0 0 492 0 931 0 420 0 0 925 206 627 275 621 546 551 101 875 648 0 0 438 0 37 973 294 0 0 78 0 0 67 0 914 491 18 681 505 976 181 503 432 221 897 795 525 30 835 244 0 685 859 886 129 977 500 732 43 377 755 625 743 35 863 148 0 581 0 402 890 89 852 0 844 181 159 0 357 751 559 0 105 
751 4 0 490 171 79 124 900 763 913 0 0 0 489 0 396 349 625 0 155 480 0 828 0 781 373 0 825 964 775 0 738 0 0 169 42 0 0 0 392 69 715 0 0 929 581 566 510 300 770 960 310 604 442 296 769 770 760 616 0 0 429 15 638 876 406 0 816 520 0 544 447 465 0 9 30 859 545 118 140 0 309 5 0 0 673 651 396 686 862 670 0 0 915 174 0 0 0 0 215 714 703 765 107 753 710 492 172 214 844 0 250 228 78 331 35 306 0 0 292 197 0 0 438 784 0 798 802 87 119 725 0 178 811 0 513 602 106 0 374 221 211 190 790 211 34 817 
0 0 384 0 851 574 365 974 0 0 678 87 985 995 323 0 456 944 449 491 998 292 832 610 0 320 958 0 337 199 156 0 970 88 140 563 579 0 0 644 0 849 901 383 0 602 728 0 0 0 768 468 322 496 173 0 0 0 732 874 560 211 0 273 220 301 234 0 0 953 567 298 787 77 42 0 448 754 0 124 914 0 816 235 124 342 537 761 0 256 399 786 23 385 338 457 957 92 484 97 831 630 599 24 286 378 936 518 575 603 51 988 467 653 0 216 212 0 839 818 0 541 902 269 0 0 35 83 976 718 514 459 366 465 328 922 0 65 288 0 385 779 588 236 745 0 204 
0 930 0 761 916 456 742 97 167 222 286 283 977 0 277 104 98 488 896 306 275 778 479 713 0 932 11 91 62 0 579 0 382 997 225 346 0 392 644 0 327 594 479 821 0 0 115 0 728 881 0 864 319 0 790 365 100 323 863 0 338 0 910 393 469 86 237 0 522 496 0 554 486 510 89 0 599 0 62 394 108 0 331 179 0 945 299 0 0 403 460 0 0 41 681 399 211 0 893 658 717 153 74 12 0 735 397 92 875 305 515 649 260 0 852 883 723 636 0 890 708 0 777 229 613 0 0 222 12 48 567 407 0 955 408 0 51 372 506 0 796 262 352 288 40 257 0 
226 25 0 320 779 239 366 0 541 0 0 690 0 354 304 0 886 879 688 981 970 967 93 588 979 0 833 0 0 542 0 651 784 774 442 924 283 69 0 327 0 786 0 559 26 919 579 366 0 0 0 502 730 762 776 126 389 996 0 0 441 0 916 587 753 916 0 265 904 0 472 42 0 0 904 926 451 35 39 412 74 587 176 113 300 0 557 119 0 306 35 873 761 634 0 553 291 241 296 748 506 280 816 535 759 0 23 968 261 0 0 67 277 46 0 943 9 698 0 382 437 237 877 93 275 166 0 23 550 200 942 38 61 579 993 363 286 328 338 779 954 205 922 14 89 0 9 
0 396 997 419 336 232 4 207 0 937 734 636 364 548 267 344 74 225 285 0 160 0 534 77 0 983 430 546 0 288 388 0 755 383 30 749 87 715 849 594 786 0 843 379 591 781 482 424 159 963 759 811 417 0 668 928 886 399 0 743 0 211 11 0 557 147 0 89 236 805 855 35 977 805 261 555 137 151 40 43 0 873 495 966 414 0 143 202 0 788 770 0 509 371 706 630 179 640 0 369 698 807 971 976 0 676 0 554 149 233 425 517 0 978 365 165 0 349 0 731 0 357 358 363 736 0 271 0 202 0 185 917 206 371 890 247 988 625 0 0 144 0 125 0 146 893 598 
579 190 500 862 0 672 935 0 613 826 553 946 420 0 729 103 0 0 334 0 287 0 497 759 446 962 675 889 0 938 168 0 0 0 265 999 194 0 901 479 0 843 0 359 0 0 444 0 0 0 149 0 494 577 466 549 0 14 0 428 405 0 16 369 175 491 653 84 91 959 28 526 241 592 338 614 0 825 39 650 566 726 0 598 427 168 0 505 629 378 123 824 643 210 520 304 669 885 0 709 235 0 64 472 691 0 510 209 881 73 654 655 599 759 621 973 782 305 0 0 976 293 0 679 700 887 470 0 131 13 343 542 55 897 0 671 0 0 154 876 976 333 972 370 0 768 810 
216 429 718 0 101 804 903 859 542 100 834 0 680 364 678 75 809 41 890 262 0 494 418 0 665 312 0 0 0 893 343 406 863 0 696 0 0 0 383 821 559 379 359 0 195 372 0 557 476 738 247 635 919 0 0 0 854 530 0 0 67 572 0 817 686 26 31 782 905 331 167 718 843 992 691 71 0 0 826 809 916 685 247 15 235 343 511 778 0 754 0 694 675 0 811 222 799 0 0 846 356 0 198 0 268 565 425 0 117 0 426 416 276 395 987 815 0 701 125 0 257 43 446 0 306 380 610 571 0 341 613 0 404 206 268 620 0 0 384 105 844 417 706 657 0 166 47 
0 711 98 800 0 397 0 87 746 0 408 867 375 868 555 365 509 0 0 306 651 0 244 291 537 0 0 640 839 454 472 53 190 272 135 0 0 929 0 0 26 591 0 195 0 429 428 47 321 286 269 972 40 489 433 0 288 0 118 374 0 0 735 394 6 526 833 36 958 574 834 133 178 0 279 180 0 594 862 332 870 0 377 0 0 997 849 936 380 647 330 572 0 0 844 466 418 755 85 850 174 773 180 0 0 0 0 915 476 964 832 519 0 537 78 488 508 16 631 458 737 809 0 539 967 390 104 789 551 609 903 66 586 944 461 362 4 44 0 486 0 424 285 0 832 797 0 
0 666 20 0 294 779 991 658 0 91 123 833 0 627 620 714 624 368 0 413 0 0 596 83 426 558 836 995 591 548 231 825 0 525 893 135 963 581 602 0 919 781 0 372 429 0 14 842 666 138 0 183 766 756 983 515 780 980 457 132 182 0 353 436 205 513 535 551 678 294 0 0 0 136 0 866 618 0 292 735 844 606 51 657 906 261 444 0 0 351 839 650 0 0 0 937 20 659 76 0 0 715 542 404 530 909 0 787 0 0 560 208 0 0 787 0 0 778 833 0 0 64 0 852 544 673 377 394 0 207 0 422 96 720 104 39 6 0 950 662 596 0 653 702 267 988 0 
387 690 0 288 992 787 86 0 689 571 754 492 922 990 860 660 86 498 742 467 296 0 70 99 0 638 741 5 526 537 0 0 0 674 884 340 942 566 728 115 579 482 444 0 428 14 0 985 530 61 384 0 283 613 526 602 0 578 834 815 916 963 0 235 744 595 0 808 159 48 0 0 812 0 721 554 509 617 510 868 562 138 803 183 834 0 0 62 0 409 423 444 551 106 0 986 833 800 905 510 891 48 0 758 391 353 447 408 287 604 0 246 0 84 545 0 358 0 0 402 200 821 798 0 130 743 0 660 157 729 174 663 221 819 63 0 402 0 714 435 977 103 319 257 653 590 0 
762 0 87 103 0 579 883 250 0 662 979 0 957 24 0 497 167 148 173 0 0 841 0 997 0 369 957 543 0 550 97 0 0 760 248 0 0 510 0 0 366 424 0 557 47 842 985 0 0 451 173 17 727 895 0 311 0 0 212 0 696 0 801 0 880 216 559 319 549 643 516 629 329 0 532 901 677 149 706 864 927 197 351 0 642 763 757 391 0 646 0 665 582 263 881 0 605 469 678 977 406 504 0 189 635 157 0 801 278 656 631 0 739 178 0 440 860 369 0 675 397 0 809 0 827 475 0 166 91 0 585 501 902 0 181 99 654 789 0 804 385 0 381 401 912 0 316 
696 0 999 570 763 762 947 0 783 954 593 532 0 0 0 0 309 0 0 963 911 7 381 558 0 710 0 0 968 0 124 0 213 0 987 821 804 300 0 728 0 159 0 476 321 666 530 0 0 0 546 428 357 964 8 0 189 457 511 0 850 893 503 282 484 824 0 0 840 0 747 5 25 218 74 514 663 0 378 991 797 661 0 741 0 564 342 246 594 112 0 643 0 498 246 618 0 0 712 695 627 424 129 0 154 384 653 241 631 755 0 0 347 0 0 800 680 0 177 709 416 498 0 514 0 66 865 815 0 0 122 192 655 66 982 891 647 824 693 121 851 126 806 0 308 0 508 
0 0 158 0 410 74 0 0 65 0 975 0 255 796 69 904 119 680 857 5 348 472 613 312 122 589 18 874 0 110 0 789 0 102 0 464 870 770 0 881 0 963 0 738 286 138 61 451 0 0 0 615 788 610 822 195 662 459 445 0 0 618 966 10 724 0 419 381 990 137 983 594 540 849 542 0 0 0 0 547 243 9 698 919 0 0 307 986 499 0 306 96 95 564 237 575 871 77 961 726 68 0 715 0 490 660 174 710 40 387 687 931 0 219 0 369 398 0 442 26 406 13 0 0 0 243 0 181 319 370 330 0 0 487 0 75 0 0 125 166 186 42 0 0 0 0 7 
400 0 397 23 488 678 0 324 0 483 0 260 527 235 20 296 510 159 888 0 782 180 887 900 575 350 0 740 328 636 0 128 953 849 0 886 282 960 768 0 0 759 149 247 269 0 384 173 546 0 0 0 421 0 377 345 249 365 0 0 237 320 0 0 516 0 805 759 865 0 730 0 564 740 657 0 197 984 957 0 0 247 0 909 0 913 997 691 0 496 579 400 0 412 661 877 0 0 126 0 0 484 0 977 0 514 323 395 762 915 0 0 477 0 0 201 0 478 0 508 126 0 410 567 815 242 598 787 0 212 149 869 0 0 390 565 479 0 0 0 316 191 883 416 286 61 447 
385 0 412 0 642 182 660 324 0 15 0 445 919 930 0 40 0 298 913 191 312 0 498 471 789 998 44 532 0 417 101 573 279 813 568 824 0 310 468 864 502 811 0 635 972 183 0 17 428 615 0 0 0 163 0 889 710 0 611 534 961 990 0 332 76 0 0 686 0 854 0 679 0 820 880 0 516 411 841 940 233 923 15 0 763 485 0 0 563 589 0 0 415 0 143 383 619 339 680 349 805 387 733 663 638 549 291 661 596 0 535 173 935 0 0 456 213 0 600 0 0 0 552 0 41 150 474 855 910 729 71 0 134 770 592 0 518 807 196 0 644 438 0 541 673 658 0 
0 472 259 905 0 742 409 0 778 0 182 990 0 0 0 210 0 0 892 0 788 0 526 849 545 0 0 728 224 465 141 18 83 0 153 0 322 604 322 319 730 417 494 919 40 766 283 727 357 788 421 0 0 618 918 0 479 565 308 553 890 939 606 537 625 44 0 0 260 48 0 218 0 215 983 360 698 91 746 20 589 46 167 0 7 79 549 173 686 720 0 769 884 550 145 0 0 171 695 780 0 711 15 0 828 6 467 386 398 0 89 986 262 0 0 287 303 113 69 27 89 738 833 192 8 222 905 480 827 0 550 19 243 0 210 460 946 971 770 260 71 958 823 594 618 558 128 
976 831 0 0 444 0 0 0 627 691 896 844 18 694 143 0 0 0 359 0 938 316 0 183 371 23 803 0 63 970 253 123 171 0 804 604 939 442 496 0 762 0 577 0 489 756 613 895 964 610 0 163 618 0 144 0 841 408 327 317 325 819 875 203 620 805 369 694 0 462 691 88 3 278 529 261 752 129 41 841 81 168 0 510 115 737 877 0 0 315 0 250 531 984 214 167 35 612 0 158 982 257 341 785 76 679 0 215 924 72 838 0 407 0 788 182 80 164 876 985 770 259 0 630 103 560 772 372 605 362 0 749 473 662 67 572 0 0 677 0 0 537 244 645 503 521 904 
0 410 238 126 776 129 349 754 0 707 275 569 922 0 674 0 0 617 40 0 0 496 0 124 424 983 565 711 534 0 0 789 0 557 507 547 240 296 173 790 776 668 466 0 433 983 526 0 8 822 377 0 918 144 0 914 80 912 567 469 8 0 971 0 0 918 0 733 594 64 28 194 387 172 25 475 772 0 742 821 878 0 551 965 757 35 711 150 111 460 0 393 818 0 284 0 0 265 0 927 837 397 446 414 491 0 0 115 495 767 0 646 684 416 992 56 126 574 878 981 334 0 0 598 913 420 852 310 140 13 518 0 747 0 700 868 918 499 800 539 498 0 136 372 685 135 625 
154 0 310 453 29 153 134 780 22 159 250 0 0 720 0 0 136 714 54 114 340 244 256 526 227 131 935 0 905 0 716 219 962 766 395 101 0 769 0 365 126 928 549 0 0 515 602 311 0 195 345 889 0 0 914 0 116 647 707 33 0 188 710 188 593 4 626 664 392 29 384 159 828 967 0 0 933 569 289 0 591 0 950 0 850 718 0 464 704 942 0 308 890 593 566 411 0 729 992 0 444 0 590 44 109 560 999 212 0 437 107 563 152 523 763 501 807 139 0 861 0 49 386 162 0 25 300 961 413 522 937 873 943 593 233 830 0 609 0 228 903 96 493 827 127 472 309 
722 251 0 909 25 718 0 559 285 525 669 586 673 0 201 594 0 348 954 722 0 0 968 689 0 844 0 539 465 298 256 425 12 520 0 735 873 770 0 100 389 886 0 854 288 780 0 0 189 662 249 710 479 841 80 116 0 383 109 491 153 40 887 326 0 0 743 517 19 0 649 520 125 542 0 181 162 0 0 348 315 585 409 223 795 609 329 604 0 109 29 810 0 608 0 592 957 917 313 357 0 0 96 691 844 229 45 0 0 204 41 602 978 418 638 280 774 720 323 235 929 698 0 0 0 126 318 531 108 440 0 266 698 631 888 0 890 861 619 931 149 246 818 599 619 594 0 
844 564 417 0 98 74 749 238 193 0 11 287 296 203 988 488 571 732 220 829 795 102 182 758 738 324 0 0 0 27 257 962 665 225 457 0 446 760 0 323 996 399 14 530 0 980 578 0 457 459 365 0 565 408 912 647 383 0 0 551 0 919 930 907 969 112 187 350 492 0 973 534 369 0 0 413 202 0 854 473 383 0 682 729 0 820 660 604 523 0 0 58 341 0 0 0 700 216 471 179 0 269 0 0 0 468 701 809 0 0 417 82 0 0 0 316 406 244 0 0 209 11 540 820 228 401 0 0 129 0 487 728 603 78 650 747 0 245 186 349 5 717 275 69 94 0 81 
152 720 463 0 274 737 673 0 933 0 945 76 301 982 0 809 261 0 960 135 569 359 0 420 486 0 504 46 652 670 499 265 264 325 974 991 0 616 732 863 0 0 0 0 118 457 834 212 511 445 0 611 308 327 567 707 109 0 0 810 6 751 918 873 0 252 817 113 513 0 111 794 673 0 60 0 145 71 331 498 0 694 999 807 956 559 782 389 0 951 50 750 0 0 217 23 888 419 0 306 0 784 554 650 0 59 863 0 198 0 942 0 135 54 777 0 0 84 173 685 909 688 932 728 130 453 507 978 0 890 12 155 0 507 32 0 0 581 582 234 406 44 0 0 0 369 352 
471 151 786 668 737 543 0 49 148 642 438 247 670 0 808 228 59 152 965 0 329 88 0 681 0 315 404 0 327 808 637 844 466 0 432 654 400 0 874 0 0 743 428 0 374 132 815 0 0 0 0 534 553 317 469 33 491 551 810 0 0 130 537 0 359 517 540 434 0 804 821 872 14 446 196 922 54 0 83 0 223 647 0 720 946 48 723 909 492 695 150 889 728 532 830 616 263 61 602 0 330 939 2 753 0 0 0 930 88 0 0 0 0 624 0 0 416 296 396 24 772 100 3 0 441 456 0 171 164 525 216 898 557 14 0 0 969 162 0 119 68 127 0 925 610 409 923 
0 817 774 371 819 228 0 78 519 627 792 414 0 996 499 405 598 869 951 594 855 0 191 379 953 270 0 0 874 460 863 614 101 674 976 0 0 0 560 338 441 0 405 67 0 182 916 696 850 0 237 961 890 325 8 0 153 0 6 0 0 28 713 521 822 657 717 407 776 667 0 35 376 123 989 0 783 739 960 429 0 0 901 270 542 600 319 898 250 0 941 787 978 0 400 744 857 441 0 0 0 0 467 0 783 443 112 0 727 398 654 829 475 754 378 816 0 357 875 0 229 387 928 598 822 402 0 513 211 351 828 855 0 199 0 0 848 18 100 11 165 130 960 624 0 866 817 
466 421 0 0 0 430 0 672 253 0 918 597 849 367 234 0 662 784 456 275 634 918 615 757 128 688 624 607 527 0 613 67 65 0 0 0 866 429 211 0 0 211 0 572 0 0 963 0 893 618 320 990 939 819 0 188 40 919 751 130 28 0 119 300 124 23 79 0 423 516 0 807 203 807 49 154 757 738 869 188 805 817 140 0 255 975 0 321 245 0 0 0 33 906 796 0 606 355 918 0 493 925 629 255 519 791 76 831 517 714 658 218 200 0 229 0 777 528 426 719 11 980 0 0 745 123 0 136 0 686 795 0 733 93 718 0 857 980 369 926 537 853 801 0 326 0 712 
223 382 744 0 621 808 716 850 496 592 841 719 913 284 139 0 0 0 0 906 10 941 2 456 451 0 613 53 291 98 0 708 642 384 0 0 657 15 0 910 916 11 16 0 735 353 0 801 503 966 0 0 606 875 971 710 887 930 918 537 713 119 0 611 438 0 478 57 248 0 153 166 667 0 0 375 11 0 154 0 0 264 958 53 372 0 842 252 265 0 22 309 0 744 919 508 111 108 945 678 291 551 922 503 129 996 0 0 585 821 0 986 218 437 46 957 93 436 583 0 516 0 0 865 399 269 959 191 0 498 614 89 310 0 459 835 0 0 0 0 394 233 0 574 320 0 672 
513 712 265 987 0 0 773 631 223 773 147 720 169 0 0 724 0 0 651 0 288 764 0 590 81 713 241 0 273 339 156 645 0 769 0 384 199 638 273 393 587 0 369 817 394 436 235 0 282 10 0 332 537 203 0 188 326 907 873 0 521 300 611 0 550 0 0 0 0 856 473 284 506 870 465 930 558 897 755 343 0 621 809 855 889 920 464 0 873 68 126 905 0 753 303 769 174 0 0 23 820 674 0 769 19 0 0 390 350 0 445 493 591 818 343 125 306 0 624 0 863 386 957 367 550 289 899 0 496 309 698 959 962 0 0 395 0 0 971 106 819 0 0 939 138 228 943 
173 0 245 437 0 655 56 601 355 0 915 320 0 980 499 0 0 462 979 0 745 768 0 60 0 41 479 755 968 0 803 700 0 877 0 231 0 876 220 469 753 557 175 686 6 205 744 880 484 724 516 76 625 620 0 593 0 969 0 359 822 124 438 550 0 0 11 398 0 703 0 0 674 0 137 0 696 0 0 343 709 383 0 577 447 856 89 0 0 0 793 0 529 667 96 611 66 817 0 340 783 0 963 0 0 0 0 0 0 0 587 39 101 138 125 647 0 451 116 663 896 610 75 0 0 134 474 593 977 826 458 942 0 937 685 199 0 177 328 321 0 159 705 77 631 0 318 
307 116 700 573 484 658 130 0 98 926 81 979 585 398 213 0 0 186 719 746 0 0 452 92 961 0 24 786 435 0 713 0 343 603 0 957 0 406 301 86 916 147 491 26 526 513 595 216 824 0 0 0 44 805 918 4 0 112 252 517 657 23 0 0 0 0 946 0 507 70 691 0 697 120 313 0 31 191 194 700 0 394 0 0 544 89 48 564 806 466 644 0 0 0 367 279 131 0 807 140 846 0 878 567 600 0 76 839 591 165 373 316 362 597 0 0 511 382 16 582 771 0 401 172 0 526 0 438 0 328 237 21 116 300 0 383 365 414 0 224 0 670 915 266 298 875 265 
771 759 54 0 593 667 0 580 202 708 16 446 102 680 0 0 372 134 950 20 782 89 20 0 880 674 283 0 0 0 520 0 918 556 0 150 0 0 234 237 0 0 653 31 833 535 0 559 0 419 805 0 0 369 0 626 743 187 817 540 717 79 478 0 11 946 0 450 0 492 755 0 0 526 795 817 468 581 686 728 8 954 85 91 993 183 594 0 217 159 521 0 347 477 722 0 974 109 981 537 569 230 532 0 0 671 0 636 553 468 688 417 504 68 344 190 204 102 254 161 0 739 73 699 613 457 862 0 788 0 975 3 286 718 0 0 284 916 608 750 0 455 567 380 559 0 600 
817 243 680 678 0 823 689 0 642 662 922 411 363 774 75 449 730 0 662 62 586 474 277 586 522 0 592 473 96 564 0 802 0 598 27 627 492 816 0 0 265 89 84 782 36 551 808 319 0 381 759 686 0 694 733 664 517 350 113 434 407 0 57 0 398 0 450 0 159 985 0 0 636 900 514 0 502 900 0 428 848 0 0 0 329 415 939 0 859 601 0 608 297 0 0 0 59 585 0 0 870 714 0 73 305 588 587 175 725 684 226 770 18 928 601 849 604 736 0 680 0 0 226 0 602 143 613 530 547 955 0 669 260 677 0 134 0 504 0 0 0 384 163 424 0 988 91 
926 365 217 148 452 493 837 0 0 899 0 448 0 516 630 0 315 0 286 91 258 165 310 401 102 536 0 0 302 790 871 0 481 0 880 851 0 520 0 522 904 236 91 905 958 678 159 549 840 990 865 0 260 0 594 392 19 492 513 0 776 423 248 0 0 507 0 159 0 289 410 303 634 490 663 355 109 0 92 858 0 372 475 407 0 0 884 360 989 0 585 3 809 0 547 466 336 720 922 0 806 0 762 276 678 988 39 741 510 969 829 523 0 977 907 553 73 430 0 650 485 0 444 766 391 907 58 720 317 0 287 202 941 483 58 986 469 130 404 106 387 299 74 0 0 466 847 
25 124 575 328 402 371 0 147 564 38 736 402 0 220 51 916 716 675 886 972 64 276 235 0 0 0 0 367 492 696 0 591 0 356 19 608 931 0 953 496 0 805 959 331 574 294 48 643 0 137 0 854 48 462 64 29 0 0 0 804 667 516 0 856 703 70 492 985 289 0 0 625 479 101 674 811 0 251 572 126 811 998 0 413 506 0 0 2 223 120 124 980 839 795 529 0 0 0 349 0 0 842 0 721 92 0 118 191 0 227 777 642 0 846 38 596 0 556 55 72 196 842 62 344 569 723 902 883 36 948 0 275 861 0 913 710 447 0 930 0 0 876 781 946 703 454 631 
895 813 286 578 580 578 419 0 188 0 522 872 758 868 0 0 971 388 176 0 0 0 501 0 322 781 889 0 814 918 850 652 0 931 554 0 0 544 567 0 472 855 28 167 834 0 0 516 747 983 730 0 0 691 28 384 649 973 111 821 0 0 153 473 0 691 755 0 410 0 0 0 947 0 0 341 415 526 387 413 642 270 0 886 0 187 0 0 628 562 330 568 534 951 562 344 990 688 0 0 630 308 727 567 809 644 0 140 7 256 252 26 229 391 723 0 239 294 462 821 553 342 338 179 553 219 673 0 422 196 0 0 250 628 751 319 369 715 140 822 329 546 183 557 405 0 0 
882 512 194 287 129 314 131 641 0 0 0 677 395 0 476 349 179 0 155 503 984 248 813 736 0 325 647 63 202 0 0 938 0 0 359 724 420 447 298 554 42 35 526 718 133 0 0 629 5 594 0 679 218 88 194 159 520 534 794 872 35 807 166 284 0 0 0 0 303 625 0 0 254 0 676 267 80 596 0 672 0 19 34 267 0 914 0 260 567 435 959 0 0 0 847 673 798 735 631 788 44 32 0 0 236 111 988 736 677 559 426 0 709 0 246 801 0 637 314 270 653 880 135 135 0 713 526 306 98 528 416 0 637 322 243 384 0 810 393 234 989 699 678 558 544 551 89 
0 751 380 4 0 957 424 401 485 890 159 981 404 225 10 453 0 0 576 0 0 256 985 399 250 804 250 163 0 435 270 326 226 0 295 435 0 465 787 486 0 977 241 843 178 0 812 329 25 540 564 0 0 3 387 828 125 369 673 14 376 203 667 506 674 697 0 636 634 479 947 254 0 0 905 649 0 987 848 575 615 0 170 54 965 269 0 861 0 17 0 942 698 537 760 87 559 479 764 827 0 755 371 370 787 502 843 633 760 323 916 149 372 664 0 690 521 455 89 420 388 0 577 919 838 0 263 110 812 862 882 624 0 626 726 0 0 833 803 67 541 927 0 713 272 0 624 
827 318 252 819 829 543 531 323 0 311 441 279 949 296 158 227 0 422 0 0 835 0 367 640 200 0 687 871 0 507 700 809 978 220 436 941 0 0 77 510 0 805 592 992 0 136 0 0 218 849 740 820 215 278 172 967 542 0 0 446 123 807 0 870 0 120 526 900 490 101 0 0 0 0 407 935 799 870 0 539 954 479 702 159 396 424 314 30 928 404 297 896 0 178 247 280 0 399 649 298 74 558 0 0 500 964 0 0 120 882 359 0 825 0 104 0 356 641 25 180 236 0 393 388 872 670 172 215 170 4 462 432 514 791 0 712 560 115 682 0 0 0 919 0 84 326 141 
217 119 0 185 412 130 193 63 747 220 0 813 910 0 47 300 868 909 0 884 0 723 905 0 0 59 0 0 737 31 0 0 368 685 751 40 925 9 42 89 904 261 338 691 279 0 721 532 74 542 657 880 983 529 25 0 0 0 60 196 989 49 0 465 137 313 795 514 663 674 0 676 905 407 0 346 0 0 0 444 0 555 0 26 905 0 245 325 0 119 181 296 189 570 567 285 870 344 0 126 643 0 293 942 855 642 0 43 0 620 130 642 0 461 828 936 366 0 105 243 105 971 381 441 949 507 0 169 538 0 245 115 613 0 148 33 591 217 0 0 88 0 727 413 124 717 520 
622 316 564 0 717 0 515 312 384 389 439 816 0 238 0 487 0 72 818 145 107 0 584 271 606 762 129 0 94 0 993 306 0 0 214 94 206 30 0 0 926 555 614 71 180 866 554 901 514 0 0 0 360 261 475 0 181 413 0 922 0 154 375 930 0 0 817 0 355 811 341 267 649 935 346 0 6 590 0 993 661 483 0 356 71 193 738 27 0 0 0 503 0 702 748 494 0 505 551 814 97 996 870 34 397 550 300 748 734 393 366 65 978 493 308 731 49 404 0 0 337 371 963 761 821 0 871 0 158 448 633 553 607 276 631 283 314 139 0 568 0 0 120 0 871 605 387 
796 919 103 91 512 0 408 608 279 0 907 950 391 943 0 296 19 407 580 407 0 232 726 81 327 889 0 0 685 852 241 538 634 730 0 0 627 859 448 599 451 137 0 0 0 618 509 677 663 0 197 516 698 752 772 933 162 202 145 54 783 757 11 558 696 31 468 502 109 0 415 80 0 799 0 6 0 893 342 685 199 784 869 560 0 542 691 713 384 0 987 841 864 0 742 467 818 303 34 719 0 79 395 0 141 715 132 0 272 0 0 12 330 436 287 476 913 977 0 0 0 522 696 0 316 357 842 935 597 39 999 996 0 613 555 730 298 955 0 61 0 431 381 906 494 75 226 
690 520 0 0 0 363 395 0 823 832 378 903 357 560 376 663 86 19 0 995 108 0 0 0 99 0 0 120 690 496 847 168 622 271 534 0 275 545 754 0 35 151 825 0 594 0 617 149 0 0 984 411 91 129 0 569 0 0 71 0 739 738 0 897 0 191 581 900 0 251 526 596 987 870 0 590 893 0 0 821 733 496 214 968 32 761 944 488 451 547 726 478 0 423 0 0 545 210 810 170 179 33 453 797 883 892 315 978 714 0 751 547 824 759 703 754 0 827 528 569 118 593 61 222 208 146 0 837 488 121 719 0 47 692 569 0 120 0 7 805 46 185 0 303 649 102 854 
281 1 765 0 479 0 0 202 0 612 141 455 0 74 917 494 285 986 770 438 925 145 13 0 865 733 254 208 271 21 952 615 292 291 0 911 621 118 0 62 39 40 39 826 862 292 510 706 378 0 957 841 746 41 742 289 0 854 331 83 960 869 154 755 0 194 686 0 92 572 387 0 848 0 0 0 342 0 0 257 339 680 248 853 57 731 218 328 9 564 0 0 0 770 173 457 864 729 517 891 190 534 484 908 561 330 500 642 831 462 0 0 731 225 84 0 254 624 529 994 624 680 953 0 920 0 447 748 599 0 0 952 120 899 0 213 440 0 437 0 899 0 428 24 0 328 567 
471 611 792 152 0 0 306 216 555 7 47 575 16 95 634 856 387 0 0 978 0 698 783 0 897 0 502 496 250 82 0 458 376 381 195 517 546 140 124 394 412 43 650 809 332 735 868 864 991 547 0 940 20 841 821 0 348 473 498 0 429 188 0 343 343 700 728 428 858 126 413 672 575 539 444 993 685 821 257 0 768 0 869 388 372 117 767 544 992 416 91 0 88 0 0 0 858 382 21 532 0 204 176 0 956 264 418 970 980 577 900 75 63 0 0 0 0 149 252 495 0 888 0 236 335 335 0 765 987 751 671 650 603 921 480 735 181 576 0 251 415 0 903 195 85 180 0 
927 222 375 0 295 0 610 0 136 26 0 0 0 569 49 0 829 0 0 918 775 0 161 253 816 732 237 639 0 470 914 127 0 0 43 0 551 0 914 108 74 0 566 916 870 844 562 927 797 243 0 233 589 81 878 591 315 383 0 223 0 805 0 0 709 0 8 848 0 811 642 0 615 954 0 661 199 733 339 768 0 0 126 793 978 0 278 668 323 0 542 290 537 689 518 0 569 0 921 0 665 824 978 0 0 206 723 557 127 0 957 0 0 264 0 155 0 83 476 0 298 926 718 0 0 53 952 439 98 0 0 783 0 564 0 718 649 431 851 742 326 942 205 399 404 0 0 
0 34 0 392 0 0 135 621 523 274 569 0 0 259 821 0 727 227 0 292 95 570 0 0 993 904 314 767 7 402 0 849 0 773 539 384 101 309 0 0 587 873 726 685 0 606 138 197 661 9 247 923 46 168 0 0 585 0 694 647 0 817 264 621 383 394 954 0 372 998 270 19 0 479 555 483 784 496 680 0 0 0 0 10 190 363 395 942 95 151 466 0 0 621 203 657 374 0 96 583 954 149 670 681 0 419 840 505 890 165 840 541 602 149 504 408 792 483 0 972 202 0 0 757 961 309 148 143 0 387 173 10 501 0 633 0 996 16 154 0 63 664 0 746 247 329 52 
962 808 632 0 553 963 184 184 574 327 367 258 0 219 0 297 479 711 0 462 0 0 0 974 801 876 25 560 385 0 0 954 581 0 442 96 875 5 816 331 176 495 0 247 377 51 803 351 0 698 0 15 167 0 551 950 409 682 999 0 901 140 958 809 0 0 85 0 475 0 0 34 170 702 0 0 869 214 248 869 126 0 0 0 112 194 0 149 195 750 590 0 414 0 0 0 222 0 0 263 0 673 0 670 560 90 527 0 0 587 148 81 56 335 977 328 669 311 256 683 0 539 0 0 874 0 288 0 284 337 530 170 876 980 92 645 0 101 550 732 993 822 328 357 492 674 0 
125 0 647 694 0 712 228 0 0 0 771 451 648 249 127 273 806 0 485 217 0 403 443 0 0 214 0 813 189 975 987 245 475 940 75 13 648 0 235 179 113 966 598 15 0 657 183 0 741 919 909 0 0 510 965 0 223 729 807 720 270 0 53 855 577 0 91 0 407 413 886 267 54 159 26 356 560 968 853 388 793 10 0 0 372 822 812 269 995 248 39 97 0 807 49 590 0 0 0 0 274 253 537 406 289 0 980 0 793 823 911 190 88 230 481 266 838 981 0 0 82 0 158 501 9 223 97 439 924 0 946 932 234 559 553 511 236 0 53 420 621 259 0 68 479 712 0 
0 324 0 515 452 718 656 0 283 300 119 386 388 359 0 765 229 816 875 305 0 0 735 415 209 0 815 496 17 415 231 919 566 665 293 40 0 0 124 0 300 414 427 235 0 906 834 642 0 0 0 763 7 115 757 850 795 0 956 946 542 255 372 889 447 544 993 329 0 506 0 0 965 396 905 71 0 32 57 372 978 190 112 372 0 145 361 0 360 0 549 0 497 237 566 331 643 972 0 991 243 330 990 231 672 361 965 933 734 0 260 867 217 0 101 0 285 826 926 0 0 48 512 719 0 0 853 758 759 0 779 613 649 761 815 0 14 28 983 0 171 586 0 297 92 816 0 
18 538 287 111 0 366 0 0 0 718 675 930 705 0 858 787 562 0 480 857 0 614 629 0 0 261 0 0 0 397 0 3 0 778 496 264 0 673 342 945 0 0 168 343 997 261 0 763 564 0 913 485 79 737 35 718 609 820 559 48 600 975 0 920 856 89 183 415 0 0 187 914 269 424 0 193 542 761 731 117 0 363 194 822 145 0 609 414 0 917 398 296 920 318 692 399 13 447 0 402 319 831 708 916 517 634 490 363 0 0 650 0 656 202 759 208 720 697 0 359 624 433 414 126 982 686 835 789 436 0 15 949 0 0 349 397 131 442 936 984 63 564 0 0 102 951 780 
307 888 0 187 776 912 0 30 120 0 0 820 0 809 395 0 613 969 916 784 211 257 636 586 0 0 274 774 621 553 642 244 761 385 0 487 438 651 537 299 557 143 0 511 849 444 0 757 342 307 997 0 549 877 711 0 329 660 782 723 319 0 842 464 89 48 594 939 884 0 0 0 0 314 245 738 691 944 218 767 278 395 0 812 361 609 0 0 852 674 596 328 777 356 749 107 0 123 0 889 386 962 954 710 17 461 557 627 0 0 753 822 586 0 564 591 452 604 223 615 0 208 0 142 882 872 122 626 0 293 574 751 0 678 633 1 368 615 45 827 0 0 450 565 995 902 838 
843 109 624 1 0 880 936 0 878 0 866 485 302 607 38 772 246 76 981 853 662 0 700 197 0 678 0 0 4 0 0 445 948 672 235 236 0 396 761 0 119 202 505 778 936 0 62 391 246 986 691 0 173 0 150 464 604 604 389 909 898 321 252 0 0 564 0 0 360 2 0 260 861 30 325 27 713 488 328 544 668 942 149 269 0 414 0 0 431 638 61 650 779 934 0 0 164 0 35 48 498 456 971 199 303 0 0 270 0 886 490 208 402 973 42 629 576 672 672 0 877 896 88 915 0 0 0 974 355 444 795 633 0 889 0 451 656 0 979 190 85 959 34 922 670 952 572 
595 283 3 0 34 355 105 327 923 525 0 0 0 0 0 936 683 981 644 257 118 0 21 611 236 962 212 0 76 737 642 32 90 548 0 95 37 686 0 0 0 0 629 0 380 0 0 0 594 499 0 563 686 0 111 704 0 523 0 492 250 245 265 873 0 806 217 859 989 223 628 567 0 928 0 0 384 451 9 992 323 95 195 995 360 0 852 431 0 424 0 136 341 954 522 632 585 904 913 0 0 173 0 142 0 378 655 647 846 0 0 819 255 312 153 223 315 52 554 115 193 11 0 565 921 452 0 491 660 0 122 983 0 356 0 54 578 844 117 93 0 252 93 67 0 55 0 
825 863 678 319 655 0 760 798 417 907 909 0 50 0 410 876 98 852 758 0 650 378 527 281 84 1 227 42 877 199 557 424 272 0 99 0 973 862 256 403 306 788 378 754 647 351 409 646 112 0 496 589 720 315 460 942 109 0 951 695 0 0 0 68 0 466 159 601 0 120 562 435 17 404 119 0 0 547 564 416 0 151 750 248 0 917 674 638 424 0 368 58 949 0 0 0 235 726 987 346 574 647 917 192 358 858 175 176 242 420 456 24 0 441 252 947 0 0 884 0 786 0 74 0 0 947 499 142 76 523 0 31 0 978 417 0 968 397 978 0 562 794 809 0 415 357 432 
691 285 0 0 774 196 0 501 652 0 184 14 0 0 238 84 308 754 0 376 726 0 0 0 822 0 444 747 329 625 270 798 214 750 0 677 294 670 399 460 35 770 123 0 330 839 423 0 0 306 579 0 0 0 0 0 29 0 50 150 941 0 22 126 793 644 521 0 585 124 330 959 0 297 181 0 987 726 0 91 542 466 590 39 549 398 596 61 0 368 0 0 165 989 6 460 0 407 383 0 0 684 77 785 39 763 141 109 596 236 0 319 701 948 360 0 96 0 0 252 785 392 215 0 95 345 0 55 208 724 769 615 453 287 118 885 0 0 880 0 0 529 0 0 290 258 829 
706 258 953 486 314 260 695 989 750 708 0 923 0 984 49 678 0 45 0 848 0 0 819 0 647 0 73 880 0 331 260 0 32 223 892 0 0 0 786 0 873 0 824 694 572 650 444 665 643 96 400 0 769 250 393 308 810 58 750 889 787 0 309 905 0 0 0 608 3 980 568 0 942 896 296 503 841 478 0 0 290 0 0 97 0 296 328 650 136 58 0 0 817 0 0 494 184 305 425 78 506 474 475 0 884 264 68 415 0 887 666 311 0 0 635 962 215 0 443 0 726 0 967 0 980 0 653 0 912 0 0 63 0 0 806 988 286 0 0 348 346 0 788 997 357 859 834 
144 346 266 611 738 728 293 616 146 131 484 38 527 96 0 417 484 351 76 0 865 0 517 633 894 232 52 996 383 822 518 369 0 974 135 383 0 0 23 0 761 509 643 675 0 0 551 582 0 95 0 415 884 531 818 890 0 341 0 728 978 33 0 0 529 0 347 297 809 839 534 0 698 0 189 0 864 0 0 88 537 0 414 0 497 920 777 779 341 949 165 817 0 20 0 982 292 0 547 296 53 594 199 0 0 977 0 743 988 894 0 0 519 355 706 809 186 861 0 825 0 756 387 409 476 174 394 570 692 288 763 905 397 437 0 157 441 0 520 0 547 0 701 957 0 0 0 
0 138 227 0 0 709 242 243 30 179 325 1 543 400 870 868 0 470 711 741 0 390 515 367 402 180 611 847 0 404 425 551 634 51 0 974 78 915 385 41 634 371 210 0 0 0 106 263 498 564 412 0 550 984 0 593 608 0 0 532 0 906 744 753 667 0 477 0 0 795 951 0 537 178 570 702 0 423 770 0 689 621 0 807 237 318 356 934 954 0 989 0 20 0 0 464 0 205 869 775 835 0 921 0 41 622 0 0 230 970 594 796 0 450 928 491 26 49 980 623 517 0 493 722 0 559 0 0 570 409 87 543 841 0 727 219 578 765 7 175 197 495 57 100 0 654 856 
874 0 472 81 614 991 0 881 219 121 593 449 15 16 362 688 58 881 887 0 545 0 729 18 970 0 506 390 781 0 0 320 396 0 169 751 0 174 338 681 0 706 520 811 844 0 0 881 246 237 661 143 145 214 284 566 0 0 217 830 400 796 919 303 96 367 722 0 547 529 562 847 760 247 567 748 742 0 173 0 518 203 0 49 566 692 749 0 522 0 6 0 0 0 0 0 0 925 978 430 979 550 0 0 586 0 205 959 96 155 95 283 564 0 613 0 0 925 296 921 973 256 662 83 985 0 355 0 0 775 778 0 0 0 406 780 147 967 0 0 0 536 669 130 0 978 906 
0 213 478 371 0 417 0 248 0 558 872 385 716 552 644 271 0 983 808 380 448 358 678 333 445 194 613 929 261 0 841 0 0 696 807 466 0 0 457 399 553 630 304 222 466 937 986 0 618 575 877 383 0 167 0 411 592 0 23 616 744 0 508 769 611 279 0 0 466 0 344 673 87 280 285 494 467 0 457 0 0 657 0 590 331 399 107 0 632 0 460 494 982 464 0 0 511 657 484 358 519 688 800 217 342 0 367 0 0 799 0 0 838 701 0 818 0 0 0 0 0 0 368 0 863 539 0 256 909 339 98 992 0 380 962 0 622 0 736 143 198 0 981 175 638 371 648 
0 213 475 378 86 224 0 543 0 463 212 582 143 197 0 677 53 0 108 0 0 27 0 873 427 0 996 0 4 856 378 780 0 0 23 636 67 0 957 211 291 179 669 799 418 20 833 605 0 871 0 619 0 35 0 0 957 700 888 263 857 606 111 174 66 131 974 59 336 0 990 798 559 0 870 0 818 545 864 858 569 374 222 0 643 13 0 164 585 235 0 184 292 0 0 511 0 681 265 414 0 0 144 770 155 542 312 0 8 33 319 469 634 738 6 0 883 485 169 0 913 0 8 0 481 0 779 259 671 0 717 586 614 984 0 163 0 147 303 0 365 168 0 698 825 454 0 
952 0 18 0 0 644 922 771 0 456 227 65 638 400 331 340 297 596 181 100 197 981 0 699 121 0 10 0 0 710 371 628 895 671 0 767 0 0 92 0 241 640 885 0 755 659 800 469 0 77 0 339 171 612 265 729 917 216 419 61 441 355 108 0 817 0 109 585 720 0 688 735 479 399 344 505 303 210 729 382 0 0 0 0 972 447 123 0 904 726 407 305 0 205 925 657 681 0 0 430 570 497 240 797 464 267 822 809 175 757 771 386 58 437 520 0 633 0 99 0 750 0 0 0 998 193 817 0 0 741 585 0 0 79 74 837 184 522 253 986 0 382 217 103 515 0 914 
119 617 0 914 870 0 606 988 488 97 0 616 11 0 0 0 612 870 406 691 690 144 185 748 0 114 192 89 0 2 641 0 138 658 0 657 914 0 484 893 296 0 0 0 85 76 905 678 712 961 126 680 695 0 0 992 313 471 0 602 0 918 945 0 0 807 981 0 922 349 0 631 764 649 0 551 34 810 517 21 921 96 0 0 0 0 0 35 913 987 383 425 547 869 978 484 265 0 0 0 802 373 0 0 0 0 200 969 400 951 871 0 259 589 876 0 0 229 269 392 0 743 493 180 246 0 832 154 0 643 575 756 191 621 771 379 992 446 557 65 0 790 72 23 0 693 0 
615 818 0 0 556 0 290 81 646 497 623 911 504 0 879 362 443 463 360 290 95 0 319 72 575 543 512 0 0 341 531 5 42 599 544 229 491 215 97 658 748 369 709 846 850 0 510 977 695 726 0 349 780 158 927 0 357 179 306 0 0 0 678 23 340 140 537 0 0 0 0 788 827 298 126 814 719 170 891 532 0 583 263 0 991 402 889 48 0 346 0 78 296 775 430 358 414 430 0 0 787 751 570 179 666 0 579 523 0 545 877 493 316 623 0 0 779 549 831 111 517 48 0 500 382 86 270 0 407 668 84 0 355 290 188 551 0 114 0 868 877 843 10 747 81 55 0 
258 0 711 69 0 341 0 309 3 31 607 762 68 595 462 124 591 0 966 452 0 897 152 163 0 0 929 813 0 113 0 586 503 558 0 0 18 714 831 717 506 698 235 356 174 0 891 406 627 68 0 805 0 982 837 444 0 0 0 330 0 493 291 820 783 846 569 870 806 0 630 44 0 74 643 97 0 179 190 0 665 954 0 274 243 319 386 498 0 574 0 506 53 835 979 519 0 570 802 787 0 0 886 477 266 93 680 433 486 72 654 884 76 123 321 637 544 696 461 191 284 0 561 0 71 521 143 71 0 773 195 471 79 890 246 239 956 111 180 413 0 0 836 289 0 754 840 
0 0 150 255 421 0 996 639 0 610 840 697 662 120 573 573 307 677 551 74 832 829 398 749 201 435 709 541 0 0 832 647 422 0 0 678 681 703 630 153 280 807 0 0 773 715 48 504 424 0 484 387 711 257 397 0 0 269 784 939 0 925 551 674 0 0 230 714 0 842 308 32 755 558 0 996 79 33 534 204 824 149 673 253 330 831 962 456 173 647 684 474 594 0 550 688 0 497 373 751 0 0 430 309 682 930 209 778 0 84 570 247 0 390 553 780 14 208 0 189 376 265 0 114 627 713 148 0 631 686 707 908 5 0 37 972 0 275 656 0 600 129 614 0 325 841 681 
725 503 404 748 0 356 603 530 1 324 783 147 804 162 751 151 0 794 579 813 847 0 927 0 843 416 589 329 684 122 881 0 0 357 529 935 505 765 599 74 816 971 64 198 180 542 0 0 129 715 0 733 15 341 446 590 96 0 554 2 467 629 922 0 963 878 532 0 762 0 727 0 371 0 293 870 395 453 484 176 978 670 0 537 990 708 954 971 0 917 77 475 199 921 0 800 144 240 0 570 886 430 0 685 500 801 115 0 720 0 0 365 274 0 0 285 0 0 175 0 0 312 0 208 906 282 387 974 199 0 92 844 192 267 372 219 312 384 0 213 323 363 283 62 767 415 0 
515 566 528 0 355 318 748 119 0 0 952 899 0 98 751 844 725 0 459 936 191 604 283 677 936 635 0 985 394 100 0 0 848 977 599 42 976 107 24 12 535 976 472 0 0 404 758 189 0 0 977 663 0 785 414 44 691 0 650 753 0 255 503 769 0 567 0 73 276 721 567 0 370 0 942 34 0 797 908 0 0 681 670 406 231 916 710 199 142 192 785 0 0 0 0 217 770 797 0 179 477 309 685 0 397 67 0 608 287 939 180 718 597 0 825 293 395 534 0 481 792 984 0 186 47 421 573 344 743 470 2 679 426 0 515 0 696 99 0 191 477 755 0 0 0 852 0 
186 0 741 967 0 0 0 601 425 618 231 0 919 0 939 70 857 342 187 971 418 0 373 0 746 415 266 556 347 0 0 211 0 695 647 309 181 753 286 0 759 0 691 268 0 530 391 635 154 490 0 638 828 76 491 109 844 0 0 0 783 519 129 19 0 600 0 305 678 92 809 236 787 500 855 397 141 883 561 956 0 0 560 289 672 517 17 303 0 358 39 884 0 41 586 342 155 464 0 666 266 682 500 397 0 841 833 411 789 307 0 798 264 0 656 139 844 0 143 0 0 64 530 0 26 595 36 0 365 0 119 308 35 426 722 338 880 473 0 0 873 319 0 146 733 370 600 
339 0 658 390 553 791 788 0 462 0 14 742 592 0 0 0 995 440 389 885 845 510 0 0 0 253 572 181 296 222 0 530 0 561 721 25 503 710 378 735 0 676 0 565 0 909 353 157 384 660 514 549 6 679 0 560 229 468 59 0 443 791 996 0 0 0 671 588 988 0 644 111 502 964 642 550 715 892 330 264 206 419 90 0 361 634 461 0 378 858 763 264 977 622 0 0 542 267 0 0 93 930 801 67 841 0 848 916 697 470 267 11 578 0 259 357 180 208 126 315 687 739 143 988 0 570 596 391 653 0 0 592 0 151 921 271 607 611 755 983 8 889 957 298 89 0 564 
0 0 318 556 439 0 423 0 971 0 0 166 135 325 377 660 416 629 762 442 576 64 0 947 0 0 318 410 390 0 0 317 684 362 548 0 432 492 936 397 23 0 510 425 0 0 447 0 653 174 323 291 467 0 0 999 45 701 863 0 112 76 0 0 0 76 0 587 39 118 0 988 843 0 0 300 132 315 500 418 723 840 527 980 965 490 557 0 655 175 141 68 0 0 205 367 312 822 200 579 680 209 115 0 833 848 0 11 303 0 472 341 175 684 0 991 0 982 141 0 0 953 0 0 149 911 113 467 357 753 624 984 0 0 631 0 375 297 704 0 0 714 0 782 922 441 186 
519 0 0 943 0 625 340 511 320 751 10 0 831 0 0 0 0 0 582 0 233 776 775 247 0 656 508 4 427 321 0 862 896 0 637 0 221 172 518 92 968 554 209 0 915 787 408 801 241 710 395 661 386 215 115 212 0 809 0 930 0 831 0 390 0 839 636 175 741 191 140 736 633 0 43 748 0 978 642 970 557 505 0 0 933 363 627 270 647 176 109 415 743 0 959 0 0 809 969 523 433 778 0 608 411 916 11 0 500 0 562 953 480 0 852 799 524 630 450 218 890 11 605 0 508 619 104 498 647 249 729 867 0 581 352 701 0 75 357 779 154 380 336 594 57 0 0 
532 183 0 574 0 423 0 704 311 0 0 604 669 302 887 0 194 815 527 0 608 882 756 211 833 180 828 370 0 0 0 0 359 770 791 736 897 214 575 875 261 149 881 117 476 0 287 278 631 40 762 596 398 924 495 0 0 0 198 88 727 517 585 350 0 591 553 725 510 0 7 677 760 120 0 734 272 714 831 980 127 890 0 793 734 0 0 0 846 242 596 0 988 230 96 0 8 175 400 0 486 0 720 287 789 697 303 500 0 276 808 0 0 777 350 0 0 0 492 995 760 504 0 752 634 19 388 0 644 966 349 54 134 161 907 41 43 319 0 308 0 0 0 854 325 0 0 
538 34 532 777 729 0 705 754 0 0 0 188 331 205 604 658 147 0 171 0 861 51 834 822 883 695 222 528 142 205 0 179 79 859 173 0 795 844 603 305 0 233 73 0 964 0 604 656 755 387 915 0 0 72 767 437 204 0 0 0 398 714 821 0 0 165 468 684 969 227 256 559 323 882 620 393 0 0 462 577 0 165 587 823 0 0 0 886 0 420 236 887 894 970 155 799 33 757 951 545 72 84 0 939 307 470 0 0 276 0 244 503 0 170 559 281 0 0 0 690 904 143 951 456 0 662 782 974 0 594 903 0 332 510 372 220 578 679 641 702 303 918 870 153 669 616 981 
112 913 784 164 972 95 0 272 0 0 585 0 715 829 810 62 209 806 0 529 926 879 785 9 618 0 412 0 13 0 0 0 655 617 610 947 525 0 51 515 0 425 654 426 832 560 0 631 0 687 0 535 89 838 0 107 41 417 942 0 654 658 0 445 587 373 688 226 829 777 252 426 916 359 130 366 0 751 0 900 957 840 148 911 260 650 753 490 0 456 0 666 0 594 95 0 319 771 871 877 654 570 0 180 0 267 472 562 808 244 0 0 0 0 3 197 607 0 552 23 524 872 0 301 308 0 0 0 673 733 491 520 682 827 338 0 883 0 157 99 331 164 145 831 249 0 0 
59 0 75 111 362 612 0 507 723 807 376 0 640 559 525 0 442 0 110 0 864 0 163 95 0 620 250 776 305 0 0 830 360 301 676 93 30 250 988 649 67 517 655 416 519 208 246 0 0 931 0 173 986 0 646 563 602 82 0 0 829 218 986 493 39 316 417 770 523 642 26 0 149 0 642 65 12 547 0 75 0 541 81 190 867 0 822 208 819 24 319 311 0 796 283 0 469 386 0 493 884 247 365 718 798 11 341 953 0 503 0 0 265 4 772 320 948 313 257 856 809 165 0 629 0 482 32 0 432 732 0 261 387 995 737 258 0 0 0 613 247 783 389 332 0 740 785 
503 842 66 721 753 0 968 418 384 464 811 345 0 0 658 377 110 0 342 436 494 401 0 655 208 0 550 158 277 11 88 767 0 872 611 541 835 228 467 260 277 0 599 276 0 0 0 739 347 0 477 935 262 407 684 152 978 0 135 0 475 200 218 591 101 362 504 18 0 0 229 709 372 825 0 978 330 824 731 63 0 602 56 88 217 656 586 402 255 0 701 0 519 0 564 838 634 58 259 316 76 0 274 597 264 578 175 480 0 0 0 265 0 665 784 647 521 928 0 0 0 564 519 651 178 0 723 530 335 979 313 163 348 0 373 6 297 210 0 173 0 947 0 497 41 700 768 
625 400 362 686 40 863 612 0 95 0 45 946 0 754 968 143 248 624 931 114 0 980 331 577 190 341 0 0 965 616 484 0 785 868 534 954 244 78 653 0 46 978 759 395 537 0 84 178 0 219 0 0 0 0 416 523 418 0 54 624 754 0 437 818 138 597 68 928 977 846 391 0 664 0 461 493 436 759 225 0 264 149 335 230 0 202 0 973 312 441 948 0 355 450 0 701 738 437 589 623 123 390 0 0 0 0 684 0 777 170 0 4 665 0 594 92 0 586 331 695 401 413 399 381 50 461 751 493 132 537 133 0 0 0 685 31 0 357 686 690 0 176 283 596 789 0 416 
727 49 236 0 463 632 151 395 245 538 841 0 710 0 663 0 0 766 820 0 366 652 0 712 647 414 476 256 433 0 335 686 859 0 0 829 0 331 0 852 0 365 621 987 78 787 545 0 0 0 0 0 0 788 992 763 638 0 777 0 378 229 46 343 125 0 344 601 907 38 723 246 0 104 828 308 287 703 84 0 0 504 977 481 101 759 564 42 153 252 360 635 706 928 613 0 6 520 876 0 321 553 0 825 656 259 0 852 350 559 3 772 784 594 0 0 0 420 53 761 0 0 685 0 890 555 0 775 830 918 0 0 81 77 712 481 488 0 0 0 746 413 971 549 640 0 0 
0 0 0 274 32 542 487 587 0 71 446 125 0 0 377 517 872 0 82 250 0 805 927 418 0 180 292 835 867 236 594 630 767 68 256 657 685 35 216 883 943 165 973 815 488 0 0 440 800 369 201 456 287 182 56 501 280 316 0 0 816 0 957 125 647 0 190 849 553 596 0 801 690 0 936 731 476 754 0 0 155 408 328 266 0 208 591 629 223 947 0 962 809 491 0 818 0 0 0 0 637 780 285 293 139 357 991 799 0 281 197 320 647 92 0 0 0 381 504 0 845 498 57 0 643 582 881 0 487 0 639 564 0 0 728 711 627 565 997 67 862 545 0 0 414 965 506 
489 875 480 793 0 667 200 999 0 24 0 238 650 549 0 728 372 824 0 96 120 518 351 163 149 572 549 515 0 579 540 734 0 283 746 639 859 306 212 723 9 0 782 0 508 0 358 860 680 398 0 213 303 80 126 807 774 406 0 416 0 777 93 306 0 511 204 604 73 0 239 0 521 356 366 49 913 0 254 0 0 792 669 838 285 720 452 576 315 0 96 215 186 26 0 0 883 633 0 779 544 14 0 395 844 180 0 524 0 0 607 948 521 0 0 0 0 559 469 398 926 786 301 275 0 315 629 139 536 779 785 157 592 850 478 0 615 967 854 858 0 244 0 0 2 510 167 
585 944 0 39 648 422 910 529 867 0 0 0 899 264 207 345 137 567 0 0 977 774 673 493 300 839 0 291 0 0 0 918 0 961 82 729 886 0 0 636 698 349 305 701 16 778 0 369 0 0 478 0 113 164 574 139 720 244 84 296 357 528 436 0 451 382 102 736 430 556 294 637 455 641 0 404 977 827 624 149 83 483 311 981 826 697 604 672 52 0 0 0 861 49 925 0 485 0 229 549 696 208 0 534 0 208 982 630 0 0 0 313 928 586 420 381 559 0 295 10 0 343 0 647 992 734 915 282 102 260 972 908 0 0 488 241 487 649 139 840 962 0 399 0 0 0 0 
0 793 0 0 0 906 752 0 139 963 822 0 910 0 184 418 25 0 170 458 325 495 948 823 254 101 0 387 937 113 92 0 0 0 0 0 129 0 839 0 0 0 0 125 631 833 0 0 177 442 0 600 69 876 878 0 323 0 173 396 875 426 583 624 116 16 254 0 0 55 462 314 89 25 105 0 0 528 529 252 476 0 256 0 926 0 223 672 554 884 0 443 0 980 296 0 169 99 269 831 461 0 175 0 143 126 141 450 492 0 552 257 0 331 53 504 469 295 0 658 185 220 0 73 561 713 319 72 75 247 0 966 935 480 390 461 0 0 320 0 103 0 0 782 0 0 914 
166 156 936 596 256 655 558 45 126 643 505 0 0 244 797 517 234 0 0 0 0 0 603 0 86 310 586 215 27 0 65 376 0 0 490 0 977 292 818 890 382 731 0 0 458 0 402 675 709 26 508 0 27 985 981 861 235 0 685 24 0 719 0 0 663 582 161 680 650 72 821 270 420 180 243 0 0 569 994 495 0 972 683 0 0 359 615 0 115 0 252 0 825 623 921 0 0 0 392 111 191 189 0 481 0 315 0 218 995 690 23 856 0 695 761 0 398 10 658 0 795 235 366 0 964 191 390 0 639 0 474 415 400 0 307 951 678 194 0 177 0 0 386 0 459 771 976 
115 797 530 0 0 435 324 404 50 0 680 159 103 749 327 49 351 354 515 59 33 0 140 349 840 141 553 772 0 680 313 729 509 286 0 568 500 197 0 708 437 0 976 257 737 0 200 397 416 406 126 0 89 770 334 0 929 209 909 772 229 11 516 863 896 771 0 0 485 196 553 653 388 236 105 337 0 118 624 0 298 202 0 82 0 624 0 877 193 786 785 726 0 517 973 0 913 750 0 517 284 376 0 792 0 687 0 890 760 904 524 809 0 401 0 845 926 0 185 795 0 0 617 976 800 718 332 293 0 0 857 896 407 984 10 0 248 570 0 0 481 68 475 235 613 684 651 
0 810 50 49 0 359 386 889 976 634 0 937 104 299 0 0 0 254 0 0 120 270 0 0 965 357 0 225 0 404 0 297 933 647 306 815 732 0 541 0 237 357 293 43 809 64 821 0 498 13 0 0 738 259 0 49 698 11 688 100 387 980 0 386 610 0 739 0 0 842 342 880 0 0 971 371 522 593 680 888 926 0 539 0 48 433 208 896 11 0 392 0 756 0 256 0 0 0 743 48 0 265 312 984 64 739 953 11 504 143 872 165 564 413 0 498 786 343 220 235 0 0 100 0 647 74 522 879 0 0 719 113 679 406 751 0 613 32 537 0 493 961 0 417 85 0 254 
152 366 661 230 871 837 172 176 768 0 949 599 0 68 850 938 243 343 970 188 325 0 448 594 694 796 539 814 674 603 43 0 0 947 579 820 43 0 902 777 877 358 0 446 0 0 798 809 0 0 410 552 833 0 0 386 0 540 932 3 928 0 0 957 75 401 73 226 444 62 338 135 577 393 381 963 696 61 953 0 718 0 0 158 512 414 0 88 0 74 215 967 387 493 662 368 8 0 493 0 561 0 0 0 530 143 0 605 0 951 0 0 519 399 685 57 301 0 0 366 617 100 0 636 837 0 0 37 688 367 122 705 182 75 710 401 946 192 970 723 0 890 730 146 114 970 311 
0 0 113 597 301 613 0 965 0 74 0 124 763 0 91 0 315 0 0 955 0 397 930 549 141 0 530 0 830 721 963 619 0 686 966 745 377 438 269 229 93 363 679 0 539 852 0 0 514 0 567 0 192 630 598 162 0 820 728 0 598 0 865 367 0 172 699 0 766 344 179 135 919 388 441 761 0 222 0 236 0 757 0 501 719 126 142 915 565 0 0 0 409 722 83 0 0 0 180 500 0 114 208 186 0 988 0 0 752 456 301 629 651 381 0 0 275 647 73 0 976 0 636 0 0 580 383 798 90 0 309 0 687 438 387 0 120 71 995 389 667 114 0 640 0 863 552 
245 0 907 0 204 196 77 542 801 857 0 873 961 818 214 54 39 933 18 741 645 0 0 0 183 35 0 561 197 973 742 723 0 0 338 889 755 784 0 613 275 736 700 306 967 544 130 827 0 0 815 41 8 103 913 0 0 228 130 441 822 745 399 550 0 0 613 602 391 569 553 0 838 872 949 821 316 208 920 335 0 961 874 9 0 982 882 0 921 0 95 980 476 0 985 863 481 998 246 382 71 627 906 47 26 0 149 508 634 0 308 0 178 50 890 643 0 992 561 964 800 647 837 0 0 161 482 774 172 0 437 0 0 154 847 352 777 498 253 728 0 82 574 768 176 0 0 
609 0 388 0 0 40 944 689 0 599 140 841 510 391 201 257 910 27 548 401 390 328 0 684 40 109 31 0 337 837 0 861 820 898 0 0 625 0 0 0 166 0 887 380 390 673 743 475 66 243 242 150 222 560 420 25 126 401 453 456 402 123 269 289 134 526 457 143 907 723 219 713 0 670 507 0 357 146 0 335 53 309 0 223 0 686 872 0 452 947 345 0 174 559 0 539 0 193 0 86 521 713 282 421 595 570 911 619 19 662 0 482 0 461 555 582 315 734 713 191 718 74 0 580 161 0 280 559 0 870 519 420 0 236 0 0 147 561 590 595 833 0 883 446 157 925 0 
808 0 259 918 513 342 183 920 0 827 950 0 901 59 1 889 132 726 0 201 43 0 0 422 0 328 57 456 0 173 709 912 86 769 0 0 743 798 35 0 0 271 470 610 104 377 0 0 865 0 598 474 905 772 852 300 318 0 507 0 0 0 959 899 474 0 862 613 58 902 673 526 263 172 0 871 842 0 447 0 952 148 288 97 853 835 122 0 0 499 0 653 394 0 355 0 779 817 832 270 143 148 387 573 36 596 113 104 388 782 0 32 723 751 0 881 629 915 319 390 332 522 0 383 482 280 0 586 272 89 922 173 0 629 153 0 619 835 0 897 690 0 992 798 0 394 821 
207 861 582 0 949 235 673 0 47 619 632 0 224 883 738 0 345 443 0 0 585 680 825 747 738 444 237 0 922 644 158 44 165 665 135 303 35 802 83 222 23 0 0 571 789 394 660 166 815 181 787 855 480 372 310 961 531 0 978 171 513 136 191 0 593 438 0 530 720 883 0 306 110 215 169 0 935 837 748 765 439 143 0 439 758 789 626 974 491 142 55 0 570 0 0 256 259 0 154 0 71 0 974 344 0 391 467 498 0 974 0 0 530 493 775 0 139 282 72 0 293 879 37 798 774 559 586 0 0 970 0 224 0 877 543 509 152 569 984 804 86 933 701 738 826 782 0 
0 721 0 0 306 0 781 10 806 0 0 501 929 26 18 997 769 934 611 330 307 0 789 619 0 0 399 376 332 0 0 525 116 719 0 483 863 87 976 12 550 202 131 0 551 0 157 91 0 319 0 910 827 605 140 413 108 129 0 164 211 0 0 496 977 0 788 547 317 36 422 98 812 170 538 158 597 488 599 987 98 0 284 924 759 436 0 355 660 76 208 912 692 570 0 909 671 0 0 407 0 631 199 743 365 653 357 647 644 0 673 432 335 132 830 487 536 102 75 639 0 0 688 90 172 0 272 0 0 0 335 0 156 0 0 140 558 0 87 489 733 0 471 313 552 15 56 
872 497 949 794 53 0 0 150 0 0 0 817 539 439 10 345 656 0 248 752 203 570 163 42 742 0 928 803 528 0 850 144 0 155 0 108 148 119 718 48 200 0 13 341 609 207 729 0 0 370 212 729 0 362 13 522 440 0 890 525 351 686 498 309 826 328 0 955 0 948 196 528 862 4 0 448 39 121 0 751 0 387 337 0 0 0 293 444 0 523 724 0 288 409 775 339 0 741 643 668 773 686 0 470 0 0 753 249 966 594 733 732 979 537 918 0 779 260 247 0 0 0 367 0 0 870 89 970 0 0 114 391 336 947 337 0 0 93 293 0 0 270 799 376 930 215 287 
309 439 434 789 424 0 656 0 439 985 878 740 0 587 0 0 0 256 523 774 651 0 501 0 0 473 951 563 421 0 0 832 792 110 624 0 0 725 514 567 942 185 343 613 903 0 174 585 122 330 149 71 550 0 518 937 0 487 12 216 828 795 614 698 458 237 975 0 287 0 0 416 882 462 245 633 999 719 0 671 0 173 530 946 779 15 574 795 122 0 769 0 763 87 778 98 717 585 575 84 195 707 92 2 119 0 624 729 349 903 491 0 313 133 0 639 785 972 0 474 857 719 122 309 437 519 922 0 335 114 0 846 756 0 882 0 38 700 350 382 0 656 10 926 414 0 387 
659 0 132 451 335 914 479 360 361 0 840 53 594 112 426 881 808 735 988 250 465 20 59 0 0 91 0 327 219 97 0 483 999 277 475 33 581 0 459 407 38 917 542 0 66 422 663 501 192 0 869 0 19 749 0 873 266 728 155 898 855 0 89 959 942 21 3 669 202 275 0 0 624 432 115 553 996 0 952 650 783 10 170 932 613 949 751 633 983 31 615 63 905 543 0 992 586 0 756 0 471 908 844 679 308 592 984 867 54 0 520 261 163 0 0 564 157 908 966 415 896 113 705 0 0 420 173 224 0 391 846 0 915 39 561 0 0 0 0 139 691 50 495 869 167 120 788 
33 695 668 596 518 370 68 657 0 737 0 0 0 724 180 99 0 638 973 36 995 0 0 767 0 779 0 375 244 763 0 0 0 502 0 507 0 178 366 0 61 206 55 404 586 96 221 902 655 0 0 134 243 473 747 943 698 603 0 557 0 733 310 962 0 116 286 260 941 861 250 637 0 514 613 607 0 47 120 603 0 501 876 234 649 0 0 0 0 0 453 0 397 841 0 0 614 0 191 355 79 5 192 426 35 0 0 0 134 332 682 387 348 0 81 0 592 0 935 400 407 679 182 687 0 0 0 0 156 336 756 915 0 0 0 722 478 178 0 496 0 644 0 526 969 492 0 
284 131 0 310 0 0 0 758 0 376 163 708 837 545 0 261 91 560 29 0 615 138 767 315 48 736 197 0 818 223 0 291 0 846 836 0 402 811 465 955 579 371 897 206 944 720 819 0 66 487 0 770 0 662 0 593 631 78 507 14 199 93 0 0 937 300 718 677 483 0 628 322 626 791 0 276 613 692 899 921 564 0 980 559 761 0 678 889 356 978 287 0 437 0 0 380 984 79 621 290 890 0 267 0 426 151 0 581 161 510 827 995 0 0 77 0 850 0 480 0 984 406 75 438 154 236 629 877 0 947 0 39 0 0 672 0 463 218 330 0 0 94 0 524 173 771 755 
0 0 991 405 861 286 717 170 333 0 0 126 723 515 469 10 299 871 0 423 34 813 0 949 978 648 466 0 0 487 621 0 863 329 569 314 890 0 328 408 993 890 0 268 461 104 63 181 982 0 390 592 210 67 700 233 888 650 32 0 0 718 459 0 685 0 0 0 58 913 751 243 726 0 148 631 555 569 0 480 0 633 92 553 815 349 633 0 0 417 118 806 0 727 406 962 0 74 771 188 246 37 372 515 722 921 631 352 907 372 338 737 373 685 712 728 478 488 390 307 10 751 710 387 847 0 153 543 0 337 882 561 0 672 0 956 0 281 588 0 704 797 583 0 294 381 0 
0 117 871 159 0 513 942 0 565 0 13 121 972 780 0 284 0 5 0 480 457 511 0 0 0 0 291 0 723 879 0 837 141 579 837 516 89 513 922 0 363 247 671 620 362 39 0 99 891 75 565 0 460 572 868 830 0 747 0 0 0 0 835 395 199 383 0 134 986 710 319 384 0 712 33 283 730 0 213 735 718 0 645 511 0 397 1 451 54 0 885 988 157 219 780 0 163 837 379 551 239 972 219 0 338 271 0 701 41 220 0 258 6 31 481 711 0 241 461 951 0 0 401 0 352 0 0 509 140 0 0 0 722 0 956 0 12 0 671 189 0 649 179 0 742 109 986 
0 82 919 190 0 380 0 3 991 309 628 606 195 494 0 73 746 969 199 814 581 746 849 0 0 331 199 848 844 155 0 720 554 0 0 729 852 602 0 51 286 988 0 0 4 6 402 654 647 0 479 518 946 0 918 0 890 0 0 969 848 857 0 0 0 365 284 0 469 447 369 0 0 560 591 314 298 120 440 181 649 996 0 236 14 131 368 656 578 968 0 286 441 578 147 622 0 184 992 0 956 0 312 696 880 607 375 0 43 578 883 0 297 0 488 627 615 487 0 678 248 613 946 120 777 147 619 152 558 0 38 0 478 463 0 12 0 737 0 607 0 445 795 675 532 0 0 
225 314 513 795 851 622 778 206 335 770 0 215 0 0 314 851 472 381 619 0 939 743 0 63 380 670 738 0 678 370 229 309 0 0 969 855 0 106 65 372 328 625 0 0 44 0 0 789 824 0 0 807 971 0 499 609 861 245 581 162 18 980 0 0 177 414 916 504 130 0 715 810 833 115 217 139 955 0 0 576 431 16 101 0 28 442 615 0 844 397 0 0 0 765 967 0 147 522 446 114 111 275 384 99 473 611 297 75 319 679 0 0 210 357 0 565 967 649 0 194 570 32 192 71 498 561 835 569 0 93 700 0 178 218 281 0 737 0 0 974 653 336 583 0 9 356 0 
0 762 0 661 931 996 0 0 38 856 633 606 947 579 828 430 0 950 459 0 286 34 0 45 0 236 457 0 499 745 0 359 933 465 0 0 844 0 288 506 338 0 154 384 0 950 714 0 693 125 0 196 770 677 800 0 619 186 582 0 100 369 0 971 328 0 608 0 404 930 140 393 803 682 0 0 0 7 437 0 851 154 550 53 983 936 45 979 117 978 880 0 520 7 0 736 303 253 557 0 180 656 0 0 0 755 704 357 0 641 157 0 0 686 0 997 854 139 320 0 0 537 970 995 253 590 0 984 87 293 350 0 0 330 588 671 0 0 0 315 315 83 746 844 458 316 314 
531 0 381 562 0 553 147 872 0 264 0 0 438 382 20 0 473 87 629 573 498 0 699 913 639 907 891 220 751 654 226 779 71 421 491 281 181 374 0 0 779 0 876 105 486 662 435 804 121 166 0 0 260 0 539 228 931 349 234 119 11 926 0 106 321 224 750 0 106 0 822 234 67 0 0 568 61 805 0 251 742 0 732 420 0 984 827 190 93 0 0 348 0 175 0 143 0 986 65 868 413 0 213 191 0 983 0 779 308 702 99 613 173 690 0 67 858 840 0 177 0 0 723 389 728 595 897 804 489 0 382 139 496 0 0 189 607 974 315 0 366 196 395 0 530 0 715 
274 746 986 621 0 487 887 255 0 197 569 0 381 66 945 0 134 60 577 0 583 596 1 394 232 750 643 297 0 570 899 833 0 496 0 161 159 221 385 796 954 144 976 844 0 596 977 385 851 186 316 644 71 0 498 903 149 5 406 68 165 537 394 819 0 0 0 0 387 0 329 989 541 0 88 0 0 46 899 415 326 63 993 621 171 63 0 85 0 562 0 346 547 197 0 198 365 0 0 877 0 600 323 477 873 8 0 154 0 303 331 247 0 0 746 862 0 962 103 0 481 493 0 667 0 833 690 86 733 0 0 691 0 0 704 0 0 653 315 366 0 260 0 3 971 926 300 
472 0 502 862 0 166 0 297 961 0 250 408 663 381 0 342 505 734 508 662 902 0 56 512 481 0 452 299 0 975 579 810 0 53 0 0 0 211 779 262 205 0 333 417 424 0 103 0 126 42 191 438 958 537 0 96 246 717 44 127 130 853 233 0 159 670 455 384 299 876 546 699 927 0 0 0 431 185 0 0 942 664 822 259 586 564 0 959 252 794 529 0 0 495 536 0 168 382 790 843 0 129 363 755 319 889 714 380 0 918 164 783 947 176 413 545 244 0 0 0 68 961 890 114 82 0 0 933 0 270 656 50 644 94 797 649 445 336 83 196 260 0 0 529 90 73 0 
597 990 0 305 836 196 738 288 136 0 734 447 0 547 626 903 974 240 48 336 181 0 577 854 331 869 487 243 136 0 648 430 789 88 873 507 357 190 588 352 922 125 972 706 285 653 319 381 806 0 883 0 823 244 136 493 818 275 0 0 960 801 0 0 705 915 567 163 74 781 183 678 0 919 727 120 381 0 428 903 205 0 328 0 0 0 450 34 93 809 0 788 701 57 669 981 0 217 72 10 836 614 283 0 0 957 0 336 0 870 145 389 0 283 971 0 0 399 0 386 475 0 730 0 574 883 992 701 471 799 10 495 0 0 583 179 795 583 746 395 0 0 0 0 832 332 150 
0 742 63 0 287 683 743 637 114 777 374 0 737 0 0 0 0 576 372 444 0 192 738 354 694 523 285 0 852 369 0 87 800 0 785 729 751 790 236 288 14 0 370 657 0 702 257 401 0 0 416 541 594 645 372 827 599 69 0 925 624 0 574 939 77 266 380 424 0 946 557 558 713 0 413 0 906 303 24 195 399 746 357 68 297 0 565 922 67 0 0 997 957 100 130 175 698 103 23 747 289 0 62 0 146 298 782 594 854 153 831 332 497 596 549 0 0 0 782 0 235 417 146 640 768 446 798 738 313 376 926 869 526 524 0 0 675 0 844 0 3 529 0 0 680 228 421 
397 481 321 887 820 741 0 636 844 659 390 0 971 832 0 29 0 571 748 0 0 952 453 0 207 804 229 287 0 655 264 775 20 995 0 880 559 211 745 40 89 146 0 0 832 267 653 912 308 0 286 673 618 503 685 127 619 94 0 610 0 326 320 138 631 298 559 0 0 703 405 544 272 84 124 871 494 649 0 85 404 247 492 479 92 102 995 670 0 415 290 357 0 0 0 638 825 515 0 81 0 325 767 0 733 89 922 57 325 669 249 0 41 789 640 414 2 0 0 459 613 85 114 0 176 157 0 826 552 930 414 167 969 173 294 742 532 9 458 530 971 90 832 680 0 445 999 
99 127 308 0 234 602 0 614 732 862 888 329 197 0 110 82 0 551 0 838 49 395 357 994 737 770 0 954 574 0 694 820 871 892 382 544 0 34 0 257 0 893 768 166 797 988 590 0 0 0 61 658 558 521 135 472 594 0 369 409 866 0 0 228 0 875 0 988 466 454 0 551 0 326 717 605 75 102 328 180 0 329 674 712 816 951 902 952 55 357 258 859 0 654 978 371 454 0 693 55 754 841 415 852 370 0 441 0 0 616 0 740 700 0 0 965 510 0 0 771 684 0 970 863 0 925 394 782 15 215 0 120 492 771 381 109 0 356 316 0 926 73 332 228 445 0 497 
730 0 0 587 0 229 309 0 220 705 754 946 39 253 0 603 856 720 0 620 71 547 765 320 92 0 938 0 662 864 0 0 415 788 587 772 105 817 204 0 9 598 810 47 0 0 0 316 508 7 447 0 128 904 625 309 0 81 352 923 817 712 672 943 318 265 600 91 847 631 0 89 624 141 520 387 226 854 567 0 0 52 0 0 0 780 838 572 0 432 829 834 0 856 906 648 0 914 0 0 840 681 0 0 600 564 186 0 0 981 0 785 768 416 0 506 167 0 914 976 651 254 311 552 0 0 821 0 56 287 387 788 0 755 0 986 0 0 314 715 300 0 150 421 999 497 0 
